31568012
259185108
719948829773185024
821744686075441157
764085938
2934232443
413465183
4607974219
55633146
537637133
284146562
4363855643
450125587
349221412
4412937437
1187823877
1117851210072174592
989361122
831348747065925632
1022710755450339328
4040898269
897943956750729217
430089161
1248039061392162816
1135330390510583808
1322855440712110095
941267772314652672
21717106
2894085507
900069416909414400
4444719802
67058626
737462400526344193
326742998
883070711568486400
339437103
1302011440912633856
743444539587731460
959551902190104576
827254580
215382067
1155926080441737216
222936657
933502981252833281
1195807764188160000
775748199436824577
529884594
4769129116
737624028
488039378
613062505
1481839676445138946
3225659863
1485294075901353988
1684678470
817430310975467520
759142552301821953
262046350
198050531
572227092
780441596948905984
208219453
449579874
330493141
429547907
2515851985
3215799607
2987476872
1158703669
49050269
2160062414
494160603
528901571
2604169751
67100437
2761620995
247048733
1227221608194068480
55292606
1128418916928065536
86881412
20028976
429956678
934192028497448960
562473585
164586398
1068082841253265409
788773413502541825
864950514
949666599572856832
1020205459
969536839
1001016860
922853875543040000
2773877239
4334571613
31418594
336659755
986319437577031680
1319385084
4221393532
378402834
32170949
909628100
785469913
1942389528
538003511
2353814186
983504695078596612
759878156404727813
3547341136
738089599717675012
197716782
527181710
2275401288
4664871752
86757277
729867938
3085834162
1184421012
3422828087
95522747
965994538002104320
116803260
1486662587634880513
595345730
772292740054851584
868152600562151428
1969346438
4693680625
1038513134
343077749
158605137
1511828381272358919
4380262159
95586873
1059566084
121947613
438733924
338566079
3376063697
566712792
284587455
1016720390
1525706962389827584
121663812
2349451422
315380039
625949111
386311939
56925944
39162280
65093573
728993402
335578432
134634372
1330614823005065216
3105929911
444286164
886307854667337728
2450752160
1067053473282301953
2931760994
914418150669656065
2167560708
540235897
38684247
726208199678824448
3995325792
317802195
1333069964
896977982509559808
49447742
2950744129
828094511070969856
177282176
83320687
3234478520
117139287
2899019690
121917069
333728443
515071972
92440386
907282038432157696
2815403959
519513060
399132337
855979119456251904
2297260914
594049993
3245540730
748255383253221376
1037079884
428599769
3575288898
385465447
811751515
2483910828
410221376
548882070
1454390323
1059410234
1058435515840634884
1141041687642419200
1086689622221045762
2278242402
1065043533281837056
764535101485096961
1198707552265154560
323005957
448404541
860495891203018752
808939159
368739962
4196818933
439562260
853321532302647298
819583483
2955498700
722812410743037952
919802305003757568
35114987
962976861457473537
245224088
994631998055514113
46676703
252889286
2711280976
470783066
262687320
3084761123
4267840459
1148006993606696962
2667703873
31281572
448091184
766099206
315949129
762064259861721088
28029401
1684616923
231885632
959530086788628480
775439273172488192
174843457
1537464824
1151859117117595648
974326041761153025
1183464661825531905
1263106220
464941254
55047470
558116883
335713431
555252049
314306538
761696840307707904
618382686
3114251045
2418420235
776222294
986009614645956608
69103462
919898492
1555923261862531073
1245075253
1133253102
245174666
1162927249
3366729065
457984429
35360252
831810930430341122
844923379513806852
322316230
231867576
170830612
18548136
2941055131
1110917129308647425
96262174
3249293027
440332262
447900276
386114164
4290678921
935684311491244034
16628366
1041656326827302912
18239795
1268641735
1899000260
840790812590002176
4519855046
779114829218979841
993298008
176702839
381151616
857954662405877760
216270430
176170495
957488726237679617
818843804144898050
970509065385398272
987006006155776000
51505295
2892371544
38711996
1215548859889463296
2400796212
417581966
3266605207
272206384
199987844
67029152
952218568019472384
1289581990979801089
121269617
2485942016
1100121789387153408
25389605
895395214277390336
737794081078681600
2959085876
724781932362366976
280239149
883837823169646592
1070271294
976984031538671616
28933821
789660340816449537
3196341185
26180559
584287114
2555122579
1424105654
514802283
1963286646
22847187
2913367256
1965220064
256581656
4083581712
782220105472172032
1567101734
282280129
1059128514
137460394
565748639
1942543495
212586595
125694982
3035132727
294968564
1484963383
261374942
948311941075886080
3234880078
3022942154
325947783
1473397381370716160
26055210
2992729189
3718279033
65098181
305703792
949834607431692289
3113684095
25215500
1486758272669347840
848255538
1646635909
1266501125362126849
313696829
17581520
2359337692
281274174
45603635
86235909
793110039364005889
1675450826
1028839329995653123
3104064338
454322793
577387844
536733094
176188309
462386528
1270037320960483328
1461913336837283841
1235557236
1020555551061815296
990439842222768128
890178303084068866
1257949129
64664320
1107464153504059392
877905526373437440
285076424
1888133550
753334419281350657
886585895503237120
14272233
232423707
706651256610131968
3157641592
1097572009997987840
2782173406
30337018
169346590
55466141
1074493660807528449
47860603
3953421739
2211005894
1133791923498627072
1428537943
539139520
4519360874
789306721684430849
331240012
3040914549
560181825
404499180
586664028
888897610723074049
245658277
957730373718433792
291526178
728548957
701071568479371266
1495954047425200128
908395777877213184
2401670401
45058709
514587296
2698886412
44944097
1156616325571194880
442917753
1082603643466059777
2796384145
35586277
153776091
884064629395271680
2724558071
69118048
20483216
798570772499464192
798592956336783360
1505307481517756416
2230378960
60676608
3060478628
2724246161
430428088
381247103
350452754
4638175177
27448903
179638055
957707078973444096
3872594713
225832629
1286734133486653441
1535662343417257986
917128545390026753
290028823
204408886
702347943496384516
58128320
64362025
1084881822415228934
818164231
35248401
894282654161526784
753231155399421952
1202434291
886091655681638400
1344825988304220160
172029112
294287054
835953715311964160
705545316523573248
621234649
355847866
1113252721
1869257208
722658733176827904
1134658870524239874
67904785
920100438
33589132
258344870
14716340
443893004
65924037
292638511
4795301449
1545390812904701953
330066056
453677604
835275969736896512
1398282936940744709
1055909676544479232
340545701
2940059027
69715612
362719265
27020834
2914396484
819310664225353733
3086373224
726849597633601537
951567988452306944
985752374
39679065
636563748
2353652808
1281752631422210049
869198362754658304
810572266656464897
375358452
298492530
1403806121207513093
269629494
918434708530266113
581989226
960234291668992002
956437891
57455837
246478012
1239501506
3683345665
456652377
167612570
2365287799
1099358575
367587433
401472905
762430235975356416
927970898359083008
2724416677
1348692087257133056
912414380385546242
879349260713472001
1113565807873798146
121842401
1196402079008509954
391262671
594820376
999632251
1171930627773480961
716739980
350098048
1183887576
3123850568
1563617862979239936
857682763427835904
4108409547
1164206058585436160
1682398350
1087162832293117953
1027312692
532090714
2955197142
320563210
4339700473
35370975
207704400
263259161
2411465438
1155085555
72969946
836325018695000064
3007048921
1013357437
195547709
861502304
268395807
361978659
414679185
982335765127417856
1495268210
390839314
323408355
499322329
37767591
130014894
626174884
859486730734448641
3227810804
110568973
331321798
322141309
285022614
423589111
775164560
776674284567613440
1293076447
21567176
896026822948917252
303819096
1419498283114848257
570895604
968222517054918656
1911308730
2975695958
424640531
829053710500249601
861766027
2711119600
1121036867670036480
838557933260668928
1142953339
1504140716796174339
2894126016
2536347028
40078045
1146745615
914530568557273089
1163499529
728315701237305344
132687367
875829295842643968
324928459
2270854208
708879693492133888
327695150
1122676774528270337
92436865
2854954141
562406307
1252867717557653504
1061495885778092032
824745947242516480
1327938265
4233222724
14768515
151246219
813086188529713152
1737817202
1940132911
598569707
939155805684883457
801567862095826946
2562177242
957495679139631104
37494263
849700625000562688
917801105307963393
3154431769
3311779584
1046899671048675328
2452170199
130971726
325242624
1111966030321106944
854898182903390208
2323984206
617699034
33374952
1065784264753627142
34838793
383917735
132728780
753416690134716416
346166983
45017382
1008135125408927745
433253403
324765348
716862200934084608
947165907113168896
753236002542653440
1426399914645405698
959710621
125441391
34689922
271686078
449507292
391130079
32184368
3081989128
34808046
845653211314839552
715489038
765538963956174850
853150752
2942469569
890786711437021184
2369199745
1544288887
836441671290220544
877379976906932225
337774985
843260958814420992
565626696
3428370479
257194945
3883927573
257585281
1043950908843929601
1381947966454370304
3022829509
1145878259709698048
2975718787
944914975
183863482
930244267540443136
1445501960191311877
2894175264
319402030
1445121938
25843615
1915621070
1350197508732055553
49266083
15605934
96865778
1029234351127580672
2812210658
2155627638
605827921
2419561363
2579890832
22850615
1402114354187747329
722617391608393729
474351727
123434095
129926672
1250521858711015424
412756257
54434005
28683943
91390944
3329799013
747473253212393472
1509420372
1020854141994917889
989234461639405569
2899923219
701972607449456640
1232492866347376640
3906584960
1702689204
30649025
1545734623
2789023425
825555906276499456
1263656586
38298814
95089983
32728710
941538966871912448
2626330815
294042544
423762770
791753066630361088
81139030
244388292
4736688518
15305181
379790757
982479426133700608
953053068572217345
514037324
341752196
931957698
2844342809
357512911
1155263965649412099
206291280
797027202
2464777069
2705763733
1546524142131879942
1041070980402077696
401461195
582553628
3397812635
128686540
481063748
15210670
37814111
42159458
3549463693
839894144604639233
845392971381927936
928487889570320384
355340275
181644733
474588829
155058935
129450676
3347336332
35885888
1161469039975260160
21613643
493379984
21705181
950877463525187589
553262753
742334066393911296
817731467673501697
471674727
1141387824295489536
2379760428
2703881361
17136795
538352276
19220443
134136907
318613223
79366836
2489600610
979810280
45759678
725773481342701568
895748432987471872
296972960
3505032202
526788013
2979557733
548264971
2550921186
346954860
21621749
926575736013631488
3342338002
258940602
864554936
305311766
2540029879
244346989
3327155144
260571096
167585592
305600783
276846458
3044550199
2433124296
950954503653744641
1198410892314075139
1581795799
2376430759
26095913
1544634318428971009
963507126
55755632
215673303
247024282
837943659735601152
52595515
2686382227
325598315
286531119
892423329600110592
175865386
234013733
816974358438494208
1686789200
1540540028153221122
969260612
825182379400712192
581505981
949108926167113728
313620380
481091930
1435690322
1443975800424910852
327536165
1061684334296477697
1711350192
179741838
432042935
401111215
1535832426
837006639987322880
2358997448
4502887963
3406115141
3975312287
832292155
94369013
247661395
18147796
333722375
13100192
994751259574980608
3164392590
1054876088625639424
20062834
608671000
314020109
104698477
297580807
595005036
486919670
58351050
1515187116
34405249
903673115905019905
1873872259
166459434
4540070002
109134985
39474569
344807623
369143587
826559899165409283
2953030171
64002789
1393997382581428229
1174074508380168193
3308835114
4098047413
29925575
1378827400776183809
712510682
193987635
1442038784
36888952
76271733
4326715332
919221134884851713
1070030040497311746
1247715935768715270
1563096126
327476042
462563993
514829229
52218892
458563755
3122652870
501247792
846838478050672640
922650771417640962
541086303
1196798129456201731
341715066
777986188615356416
4854344669
2784643647
36032320
448440167
873676700588093441
197309843
2362238478
1387629578
242984987
1138241190934044672
523382454
870840371122667520
280171168
223661308
858850360202588160
331321829
1044034649729699845
922923504550514690
274134128
1502893897315463168
145415617
424762095
978431066313842688
2413331194
436219135
110667430
1147524443046141953
1584217980
259829314
1145111910330851330
4869296591
253208811
3292967545
900197761483780097
1476032366
1511954572956291072
531614126
109731223
433124416
110312513
283322298
848099866756755456
87247594
2232883430
35985571
1241571782
242490675
3173150533
2914728927
4739614948
838498238814646272
2432769140
748144088436793344
1380540835
1109155239482019841
1093188216
3018018992
2562831875
847202252670582785
2374424424
2544038148
942855319557955585
822907073595703298
113045219
841488701335076864
61768531
2258005436
841517573510451200
160020579
143683517
439772170
804845420128174080
1148784228093575168
826786070792531968
23165088
3181095446
166734544
700073089
386934521
1100544855992950785
2517532715
24483269
3085817232
1545550245039411207
771115038589321216
1330279723696594944
414984122
43013407
715709943219949569
2215097335
3091276994
260333987
950451732022251521
778432560716144640
1097157510178447360
464309374
1507885110
2718382873
423183066
801239000640081920
37152843
1235388022717403136
837370112625754112
885891034995187712
119605918
725675556872851456
296882803
890274895
28013822
243450434
1213622710011457537
1975539649
952161050337644544
2918404913
2886289779
1158978429104132096
343854546
2693259793
4908491552
243213362
1050784591
224116882
737362108397060096
620677979
3343665587
95934106
3380346855
1072286471019814915
48223285
242514050
2541910952
490064896
806735836393803776
546288989
512657149
825211316243673088
3259640329
345804038
2905111025
1668693824
906150489301147649
2918112073
2887885376
904563000178348034
32263360
226394520
197586473
580441754
981662557
266420230
746847286617989120
932359581841461248
188181326
586821520
17881816
560663374
808162885667028994
1500535711711309829
73436594
43586077
879112863029264385
1472578765934977027
328171776
986132665509216256
762480385699655680
14084571
2902508667
1656368856
257762461
879069420
576007011
3180615127
464060215
1529810826
709267686371364864
1068930002450817024
954826397591199744
1581771872
301184981
932625987757592576
1556974677574254592
4509819974
1069803828051087360
96679114
475916356
26160191
27028542
33051833
933162188134539264
1232012731378806790
448461866
1176295258893819904
3708527773
352741640
290934015
150841541
773651018
1155985999778000896
54776819
800170343109304320
2976077984
601227789
835227853356675076
1428651570
927360381898645504
4153018035
33363361
2193656421
831675090773360644
492681149
798925455646658560
356403336
2285109728
162820808
587866703
389170801
97463256
278301623
2986399105
3361629137
35725339
1897552267
1161723085051092993
728046150842867713
843846566
704232772332687360
3285822126
3431640095
1042543732464078848
1113934367909457920
4159027534
179616581
4879308388
324719923
793834374915469312
953091122934505472
402262451
89757998
464407795
397548853
951884625361633280
393029195
903350654063845376
379209090
71966491
22023887
1612760155
2943178007
906423859
936052674931429376
1029412041034031105
767036765106352128
1236903870544203777
31075859
1159312311074643969
4315276993
288876316
54138786
764651634811080704
1473258180
2173771553
292630503
945927468837371904
249860020
3060641646
704702076958277634
824131295399804929
894554171424296960
161467739
596930137
1280416148
575012607
321755534
498618668
166071340
1066223162008969217
4894779675
853173986
583090449
739881960
889646625618092032
872300240040284161
706609223417724928
125680835
813619993128607744
28645058
871379615889018881
423095748
318298733
3254987000
434532803
3095649388
882862490
746210734103633925
963935198189584384
53393980
135678954
409326834
2562121340
868954358435782657
1005504913168916480
136858354
487130126
275659096
185039684
836259195422814209
2270390371
594127498
2211042584
28323759
1355870137195360258
1222996812
26164639
3167933206
919967851
1391046523
172579926
852736387312787457
938486139475976192
592385807
3370302382
986745996288851968
2483134357
131001742
375755631
909624751538282501
416016618
62274806
139860519
2204264294
226254316
239953765
1065769975
60838096
35881339
816925935131758595
3078140986
447402324
321523268
1432514575845531653
3323484543
196348184
822649116614389766
3193325866
17825857
3054734961
1074865250883784704
28207983
257582245
842220460901298177
407422715
462314062
324583404
621171285
612789001
1682299933
793637027753230336
2973039602
985206767322845184
54478238
283820441
1665252055
540475898
2157867493
104034278
3296161886
335197590
884887424454848512
78715167
2761319731
1566609829493350402
2523171781
36592747
761415172305006593
765796958443307009
38955049
275357774
2878710660
822863546933477376
256713256
32902789
1007678844025925633
968718200
443892875
942893120378642432
276774027
751090579560361984
4414447632
2217998766 
2955275210
991304380996612097
29405587
909311801065476096
2392812229
67548758
2342668074
770990571884339200
720087288538116096
2680892879
114156082
432033618
109365531
1173387652856471552
1561177212686065665
40908018
1049098945983647744
543451016
316576850
1089374665
1109369280796213248
732013591985971201
540538204
405092147
1056251414786330624
13895312
794980019760230400
3231909968
342688675
30116684
2371354334
58661581
1267524122076209154
491835730
1875878059
718576873
472460128
3292907432
1526125048997761025
908132302819127298
43133137
1258379801414508546
146612529
4694422538
1236038961530892293
1697372911
3395672524
847922573677604865
1684666016
485132025
258434990
1123296994540359681
950911639045406721
2553890472
242142119
60099129
130918681
839450569077030912
1102767769773359104
276765696
2262019530
894580026397601792
1067381852
596149951
886564408666836997
733696874
1089490802
18996376
1114959851443097602
517845254
918843138789269504
1527640692859842567
1496618603109662722
60656336
962390057385525248
55095767
228951495
473548087
60234150
843608127295623170
2830022552
1901556038
869594230875840512
784883371
978321744732844039
104208920
3346099456
1482395767
1282582074059259904
210189033
1438602825076989956
1036134369629548544
2293106196
707343202869612544
818182462488637440
1434240187
929136342965026817
34017170
25705112
1101733754572337158
936313548652859395
995489896096821250
350125270
1068312791323418624
152721961
601360036
957000515891671046
722067061539737601
337552785
4690657153
19684235
4051833012
161131851
1306216044
1888425326
2950804033
823970564419321857
766803529914646528
1369710142711881728
416651099
2745734944
2432058520
2408005956
3393212343
423138796
1054782108479025152
25493428
175866756
610376617
999832701044707329
105509060
1216851181
601501185
46305981
69972976
2386931078
28636421
1109907301555716096
2383331971
974722052887400448
556350026
2658406444
483116934
2360936542
357421476
494663834
1378472288232804358
780489607586590720
566900731
79568228
909959508776050689
1434389632528093190
1256409879532765185
61401777
198951124
1369762502
336804041
556113831
836995219375722496
22835267
166080742
14527608
4821639792
1146738379
830226910223462400
237176148
4015362312
586954472
243261787
894710273256243201
943563333684297730
821196596239101952
21656104
925425817601048577
431983412
786649486516817920
312524819
1381700459786829825
1066468160516308994
2262134150
21054161
720070326319755264
2998799952
774730670954336256
2478994965
706120381
2331404498
88942789
839195277940699136
2977142512
45732028
433938928
2325839076
2260693675
819627218548637696
3262255452
124671006
1225575763858087936
467548574
412739738
3056662182
236175805
476216656
342314801
2951622098
2252399138
3253124298
859594817847922688
764282701528633344
2284377570
782794105269006336
3300415942
1475509116873412610
758085870071246848
1044258020778278913
343805557
763913281
1558501029670518785
2977085319
391367619
109419624
1071445246523916288
1653700100
224095858
39276134
3295795738
2328025458
2298597167
382399487
2335633712
109010860
1029797155
163889512
715261361404518400
23036692
4907455219
240477519
127911852
748359667
1015705422
1097343745
1254797528236789762
43253246
1226655518
741471865
339214759
1104661951
937424359756410881
718498235954802688
848359547366510594
206449515
946134299442638849
935126074895294465
375703078
2321699712
1145914109004849152
541910676
711606170
26294981
94010747
1925034110
2232063625
590878543
2947653444
2824918561
616112510
1152060257713176576
1208882362370658304
1242391801308295168
399151368
520492860
26363422
1944062724
1004026758218371072
28302839
2280631290
970465288478224384
760886299
1470912438363172864
3281318371
1261350003353796611
858884282
984904794174353409
326999116
995194927406608384
396559409
977012184390742016
21719809
855592961345822725
182043220
1020428491
71428767
26372300
2992002196
579097937
989286611140726784
1383159498169229314
337425306
421125974
1518671262092038144
347035334
41528277
964203739711238145
2207997079
2171166391
3007445191
2783812191
708101227066822656
2798111774
727194118158327808
715352243952820224
702025644
325745849
111678425
16573674
961619606849900545
16475584
816765096663859200
495083740
895413618749169669
19043123
474609531
951323338604818432
853658382
458868257
59305889
2472535668
4134421394
916532608632279040
383305882
1421684926378819584
341892942
82926727
740015703768453127
1183835750569299969
40488109
34740896
3237211574
39050660
967099009
908451061899210753
28121137
949554491195469826
281236515
348393574
318861073
340039925
2985126771
751480794388934656
2382998154
479553976
791328504482762754
70266592
1286021190621040640
768405171281858560
772829100
909591818953805824
441980306
763144942549991425
1665528595
594396723
253218055
3235695800
1091540371887325185
506836338
2719456463
121158213
264877754
2743603284
848083752
1092870276759674880
746764813737431040
2229438416
3268622366
24629361
805911274483761152
384140935
903076188859629568
490944866
943696736643637248
723281809174237184
280190215
69791641
260927082
864154064329814017
1368726013
18082945
1313607793828679681
1052288237044142081
2281624873
939626354
3277767061
1416850175054729218
902379525690023936
3058180394
814835670
968161535695695872
732594678499958785
83413656
18693567
961437546885591040
851525284667035648
1306435621368537088
1334498317
3314453155
380052887
1254257013812535303
15518172
2924381042
363458054
1342159294352011267
3345681352
103139498
1091796035771514880
4925988182
34047021
1264422414
36600024
2409225486
994016271883628544
1012177443552194561
4836647353
3081177090
824846175488528386
361565015
1374833122903216135
1426827618
38798268
961655737545043969
1358147318
1259604478929616898
776204505385930752
39254100
25746419
60147159
1291664332569411589
50945008
1503564834285174785
2463921648
803635172
1010611112881152000
236091050
1013827825
1002975807365672961
1132485122274615296
1411116808174776320
393108100
3741064693
927359447978176513
963863324277559296
37953622
419855109
302163904
278230490
1315341671836590080
28730353
420766066
126090624
447211972
882680898
563926760
791927519804928000
398261473
1154763573207412740
1489990995387334668
1408873591
2411512129
34791131
1058076956082589697
1234903704014331904
335571111
388013828
508006873
574338555
842140722
264015822
1635009524
2647503581
941797224480165890
3839945294
991317767327449088
1283218082958389248
1117419041176657921
850383284135759873
841108085238202369
146146637
891883735586680832
1171619100042416128
437017673
90434689
344091917
772058680179253248
72971310
50861841
371197496
571367012
2186796277
822462135431233536
2967249720
859261155575042049
922737745231011841
2569162079
83959365
1134985497619685382
564000560
210681541
4871424831
474545311
94184457
134813275
952956650
1559019796724944896
3377884877
2885048302
1167077882
267030801
455008245
1043938311021240320
960517338046005248
24062331
2470155026
4855885333
945768645581524992
380157468
494276774
1426628206598230020
464951528
2155067146
887375717260038144
433474370
206554878
3145208263
80509294
63654990
281020669
892412226
921048001795289088
795245715408777216
273172026
962781204968820737
445238104
32728530
791674826767294464
133747127
2384018928
366939587
74190805
38244942
392983549
885975503558987776
3189917108
868856461
257153249
1220486160
2495540502
735963948
498880999
23869305
1478698254
434608387
281666769
755101121442484224
897264399748145152
9073382
1096967515270496256
550389729
478660365
3222270339
2864191001
33623266
740593750599208960
412740941
208605910
3236810585
743149490111131649
3105700141
1336266089513291776
1077261779577782272
722666564382814208
2301772893
477813601
1066414855
27107246
1070540075673550848
741451564699811844
1467961494
875620443306119168
304753894
970492424912035840
1966921812
3396196829
1096582424979558400
491962944
278028620
4851119597
1450637762
341809646
245105878
443369234
358649146
1496225258
1531625279399010304
2495833390
589668656
308371132
1083403734430945280
96486690
479946656
479685047
2888157781
896356345661849600
1046154489290543104
60997017
405347737
238357126
3805187967
229309488
175052562
4922256469
797597325401161732
2980998410
272562199
272762176
273748331
2644718157
1370280756
451252451
97824132
462204609
182904000
30401264
1216570761227522049
108864481
19263554
897052798784864256
320073032
1146450855543136256
224864651
185326252
1673693028
606780416
23900497
2740662783
513941678
154611214
551364784
776208626411114496
1009215759715840002
762132195024728064
229225618
941040389955362816
162039821
3603968897
878739470127902720
3055248230
299362006
977532469
2263002520
238613794
1488544421452959744
2239984069
21603319
397471404
427626517
389105555
821785831
823200955118321664
2360410147
388860465
330725801
193888121
768498533536178177
323188593
1383197378925182981
2665110647
422634796
1093224898187673600
824786269787992064
780408727
117949191
767895061925289984
909083063610519552
1076623969829249024
351363765
1048295896780296192
243815877
410304880
277026679
4702969644
80938359
904628845
1320553576922550272
3100181640
708653572666208256
96717590
2202573654
160263589
848359126174494720
746410520392011777
145515742
2350352504
2382452574
179351393
430365287
261773269
256952363
62329736
275050636
37150942
2705524692
947995816484098048
878533910
331774257
257271491
2507774258
497269460
3024366783
1547996064954720257
4852389669
434708641
632350808
201018325
1322783587310161920
313021520
400398992
45073297
414480983
2326374624
631622611
856687375
238501124
4463009957
740127265
1948204500
1107433234214858753
1108388301646544898
66374632
715984428749598720
101683265
359808482
842456399674187776
443779204
3249284754
3220898928
1504728494948769795
258224591
205044105
37566537
590628025
807027446755315712
1494500401827229698
2944556030
357315500
381748522
3393943325
19847175
888649088144728065
555581485
1114283707144265731
388454092
819565022
2263827513
35007346
35582541
567649270
154399275
954302411367239680
28115445
2613874195
71913568
2718198435
219775602
443479660
106215726
145730543
26484168
1039496211965902848
1342524187
33932706
274166317
850362839579709440
163567489
3438834493
3330452713
1461143005
832323132392407042
330362016
712973930
25536384
212474458
902329685257973761
1349939538404253703
1922183900
1036340196948762625
2780629432
1885214228
3300019094
498392326
1250978591023783936
1138718654
251476407
251405295
14116946
15755079
2423365842
59569981
1083328644427206656
307477100
317872151
3388371798
885240108
553369863
1057781945159929856
901158051712860160
1300983219496669184
2282968844
884226064846921728
542112619
55324778
1202409722
59403812
95549526
1060512618870439937
112495532
1090587504
3040039587
292459890
57448213
3346048587
188090427
323908866
707430412063281152
92040959
247187162
1022670960149843968
17553573
629534853
2612824669
1131948568418369539
799282251804639232
3239273695
488077330
370490555
226676319
1315429008
1565195956794150912
227732279
304605247
811732202
2945337082
513205008
308514559
996611533
978103975831638022
1220551207925755907
1249161138983579653
898965580526620672
1345979348
3240045168
942091283778162690
936951086459494401
763100977721257984
278098811
840662036
92415827
3392510499
367206968
882332176695439360
774213307162996736
1033401432643448833
1326229146742083584
474504595
1163637659824209921
2207732670
2955829305
3050501804
67806411
951194968860839936
205594877
498056369
383597046
3242428559
171790479
489951444
183080933
741829478859571201
66828009
127281492
478289259
1717174286
58942155
304597194
84230500
208180450
47687940
935894631811776512
247936679
402771404
46322019
1061403151599878144
767044783743303681
1009184829215211521
707249881472106498
779320373242318849
762875532702736384
2252953302
34134064
739298166831452160
847227556445134850
203229474
1055635978797363203
153877726
934542624018624517
944936863
470848017
288470231
219573938
498075360
964596185007841284
233743013
19637034
1679013144
352667566
3079895424
43162140
910870576499236865
802629816629329920
431208279
99779411
922862079488471047
961972727711256577
331829694
82523602
470501480
1216844249729245185
899015636856299521
39145547
942176346758893568
1679139110
3259444836
485945653
294953718
199331114
1045123258457174016
241687520
3983257333
125412965
1525960850883891200
177020124
168724622
625278217
2294027666
570421929
1191487355745636359
435401132
524313080
254235409
1213873144080957440
38937868
47848491
3301828688
56048053
37376103
11420812
427954330
3308419934
360070146
26662293
203660165
2419264483
3006670154
87691716
409684110
928555698
2432212501
243444215
795677741551120384
900109473926320128
1636707589
4192868839
1407105117254475780
251250816
1405898014493921282
766328744009146368
3010941988
814543181031174145
910905784183246848
486962499
896605124
2387272765
2152208978
445551688
1450290426
49222444
15472523
2277112556
21308709
2691959594
1182306313344299010
1250555670
2368022978
15378119
4519269868
231797635
765346471021469696
794013493997379584
225609071
1489394746145525763
254640580
22717387
2838983908
443017860
447178980
1613670649
1730261029
41173256
2771705818
749692338604093440
579483584
483594228
1383438663221006336
315574106
715031852
436504445
114356592
821949915014119424
1470431005
246610848
957062647165476865
177057663
2601118656
791483815105400833
112298481
868250675523801088
992259053391785984
415764433
3313905404
2901847802
483347120
3195507269
95983009
333164628
216767573
282687861
2284211160
288522089
157369672
3322231846
477291021
23449036
1271705353676222464
951291994432684032
3018490983
454309565
334865959
248095453
408135310
152855141
718659032
900267998
977941676248485888
237771884
2385266628
1027401624
1016392700
949263915824943105
28853521
806262987539484672
1488151247509147663
165938638
20691590
1703600383
123935398
15734745
3913839973
361611800
1543639623674593280
294177631
903042193
3032033879
228567325
336015187
2271265999
397430522
192048890
358383455
1128127418592628736
827861255155093504
1935763472
825837080
898751665557430272
1727188190
577242138
4454591354
1512162420
36555352
709486874125926401
2342184793
719148028976893957
737412276819529729
40407918
1543425759796236290
963555124424663040
27529145
599747271
48923785
1024262673893085185
1540458064452751361
930231546015084544
3198346489
132333424
706689340378714112
973177403563544576
3311998508
41278365
823335377557721088
955835882996629504
1327270789629026310
33942510
795825983676940288
2799408503
901911763922419713
1086849266323050496
774121172
510452013
1571661049
3915296958
1083226809481621504
945250545794764800
989647084763533313
1154185332822331393
1278332494362939399
833759296093569025
912741079816040448
894763774317535234
1027304893
462517381
1385091106010849282
1523689364575850496
215332504
171167328
1542698028594626560
706648476956778498
924491871090384896
4769091451
3238142333
2185061990
4718395893
24255624
1226207490
1261001018659217408
446280221
1075853005554094081
3018766368
1178299117237395456
1450257793
1448767170230423554
314130170
901669040451670016
808264910
706523251627978752
30618500
1535439134
1460315017
484458209
2995924464
111198146
45018615
276202418
23869976
912111452537925632
1053568490697826304
3423103527
1499622312429117441
780448168739639296
341717846
189408900
199364809
814226325212905473
4706312258
2261907222
2524407190
1472183226
293282149
702203885423693824
760724831444819968
731728957
4093814037
743572653970186240
170437772
3084566242
508362352
375727983
1594782614
770719675315433472
1551425109881143297
704363064150208516
20029502
1466541202937942022
911466766500495361
879835183834378240
713187637
2332546890
2694340832
385246181
30809081
892791726955307009
1467327786696298498
1014722022839025664
970975813
125163676
3389315950
840930408
1209541056
1691515716
711650413
722900051517972480
894937108334432256
904023800051769344
3000298903
1509081494194642944
848538040356274181
475068865
722005965390876672
2880164400
1227769588315828225
783244327
786357582684299264
1192620831165288449
2903395899
705442022249754624
2517983577
1329784727306461186
1012396986
1227026442619379714
28602301
897123239993987076
37135308
936419131934629895
2440333500
1215015615519449089
270985277
3187199720
8631672
322052964
992915274490961922
205172356
501907219
962515014354530305
2484505273
90791429
450992514
1067624186741436416
930459645260500992
366756395
1568285685148155905
1381741667686944770
824827989892403203
123145340
1319235140
351767684
74531971
1021165241579819009
53105471
1129184895681597440
2608911
2389259968
210831088
349692927
184885524
37149019
1064551657000693760
1583409192
42269460
3611527464
2305017342
1193628801676304389
2292093470
59840147
266722369
1509962911044804608
384371582
567772201
824008687404589056
1037818196433293314
872548219875667968
45605976
568844718
39831734
737505565
2730369279
68818715
3958508712
1203100344131162113
247517127
190086008
816091573708615681
2826889943
509099087
4635058992
931789199895814149
2241618924
550598730
1432579926134181889
916140679318921216
74621516
41146432
24960002
2244979860
2752345249
247769882
1370127196136820740
2195486799
945579149850116096
421685011
548853768
4727233212
345840032
1231392938028130304
86358472
571982755
349786998
1174161159383109632
2740718532
830974101309251585
728693858087755776
255807467
1528364246
49538055
462653810
1491823608519401477
1132283136
188199111
635728851
1036791701866786822
353907230
199427557
117822732
103944891
454484075
2747895075
615698338
1457849714284584966
727478437607280641
420879070
91844095
960337862334955520
731153265493082112
2281686800
907662113165918208
38228985
891045915624181761
2616061627
1143915920
1384094929
705569545172332544
942224347124690944
48892883
956378916847083521
2648982607
23965804
1164393362205696000
4008927328
291697158
278062583
3197699353
165802132
449962505
3064615673
1375092606791745545
1542566248084545537
1327099410
1628864197
4477234155
1067871712958648321
533263628
1529758679418929153
953476939779641349
114243512
1546967503166996484
415876639
2366927473
1169492399221067776
1164375769
1459741926467514368
1038902936372297728
373674959
1405562396777893892
345687894
49679514
29162051
43391038
26285718
1069260928611426304
49990643
204034049
775319464028016640
1491207957618511875
259386472
1401678744914432007
1887102132
422064866
1539282996
118184183
895768971668054018
53687191
839150246
772603263967387648
1231996251744489474
279231842
17839851
951426729213558784
397741324
811354862273396737
694887630329131008
1482869094194073606
91438534
1534727972489515009
1160937702939922433
227930084
311203567
1354469249054629896
3017902497
2462644945
341620700
389619377
372976114
382485834
718508028270514176
278856274
900912375439732736
305918677
965765120482840578
4781462245
1260440293
945794729106534400
2560217252
39325793
70827819
718491082799996930
19302493
2856839568
31206716
2334547458
2351874578
22449880
503989087
874618511297064960
763855363607109632
702259796787920896
1370083128417644546
55247545
1013660351341256704
2381208498
1512787503740301313
28233095
810644152266485760
1457642132
714284264351600640
86225018
22726457
911703353486389248
120596028
34162612
57738413
2174961800
3126546492
24918407
178333822
360056328
274769389
67541801
1266511460827627521
263657607
216255124
1572003885866156034
769729698263818240
298725759
237012588
875949088491020288
138292470
161624111
1036460463008219136
456035661
726591385
4431444875
362842508
1584630139
22561128
763922743041466369
986183727452602370
807920858358566912
234217203
57270085
1095891827188674562
27746144
4368673752
326582013
1304482973551603713
976246496252387328
474539142
25011698
1697075766
1324006325035171840
162203377
709842090
1302612661
71633043
32677851
635971155
4648042189
912095735528677376
539742921
1261340372548104193
1122760272387747841
508037510
893861322902953984
783810724808101890
849652005102645249
3023131704
1424991899203428360
1523667288142102535
3354299452
336183110
94620629
1563005659
447562759
468941928
304834216
3183623976
728840052
606412878
611919853
611667331
304415952
479074273
1299691545071943680
567625792
64433789
2725275779
3295829383
1183797554766663681
1023340597606789121
30499367
358539335
361902109
4144150725
1521372728
860966098610606081
3134041681
1154032740788051973
25700028
2234849641
806681304867565568
603342025
34470024
336221274
1081027503932755968
774756768631037953
331416832
1369201393903562754
905163961406021635
59845865
62143040
84940348
56517203
249981221
1044247794431774725
2925287392
845122587986309120
372661466
758822485710114816
954089459997343745
1104785921537425408
1084943916166770689
3433249054
1478446834448220164
1626507890
75344217
170495749
344136071
1320074554329518089
3244412189
428319495
1197219878442274817
157737460
3157848932
4721044037
984554910409732096
38505476
445946403
3029151771
1042526659042312192
935261905274458113
268574533
1180895808830525443
469824193
69126196
3632076421
546596031
53220544
1039145129016287238
32635748
1495876965236187136
938246109910183937
3151089014
231247572
1250329298814169089
25458378
3169287228
321350806
935229403327488001
246546033
46023554
830273204543303681
965736128958607360
1637278368
1143850484
843140751483699201
45401902
104893440
2865608287
436519620
755382019
456375829
1347655754715697153
158762816
15682430
852924504183537665
2411322949
853743000
300830700
43196836
814496952830267392
65529134
2797212871
3239721821
1045685087273189376
752362264452276224
4922713394
827320294662668288
870887173830000640
2838491899
175853154
1179751933797654530
53380545
1678118396
337286643
171245435
67539772
272256500
30113482
191715984
758469655967084544
924076218147852288
785138731812425728
2711702619
163961669
301075146
874805164791668737
1177030829727526912
2198990449
393719917
706933243933687809
289737189
313024378
1123464297135390720
746218502
909294682898817024
943606092256309248
1187107074267930626
58588571
3051871075
1230102978
2973881905
140415999
892547161573003264
725295903519580160
1276713603681435649
118863504
94853367
832656635302600706
2735575467
803052746
252304440
903829237232267264
378932726
2222983332
558970923
78732832
904406101369683968
491524469
356877237
267809603
463592266
853842823
923763670823391232
471695290
1128677790
904139361612115969
1001650965618069504
1537263835
966801661124628481
361284024
123794353
64524492
246282131
2270073799
1547780917648732160
780593661708947456
275084993
934495400429604864
3128877931
340993308
2898285441
974474298860556289
170066485
876537673
949504547105464321
545961940
802661549408219136
177700949
879210527460913152
512282027
471763075
555556314
212416065
437338066
758451822965039109
3197533610
4238487543
1331710151892619264
1545539439534940162
2716987766
446058117
24881125
1426739773
3177862480
950236329530593282
1333927693
21674081
834928793840144384
3017540057
900179829676548096
2963267939
25552869
716510287
4689843943
876964719940292609
240066224
729049879
604884183
829011707498475524
825023854573608960
763945927
77098408
60180657
862362894226399232
944022530880430080
959855319756279808
898575548741369856
1537354040
4658221224
4627702754
1014173448
3103323399
1088061267565338625
375244858
2733044975
3722174482
875136648564150274
4344465553
49431419
478330124
1513709269
323950537
328699870
258920076
377597265
919667724535648262
1081607160860160000
3151821895
1213908618
109904874
2439249643
954183442031407105
884625438382989313
2347442827
720952448668581888
888857823047823361
301689209
130916851
718100425954734081
2909948621
285432720
2526466182
732381340922970112
2276540924
929745876553256961
991495045017686016
735455617620541440
959253792565932032
1696954098
609426128
4363105095
1024435181313118208
323420847
4187649133
260571713
1942507987
62638560
827926026
513304683
1034828969198186498
1012022324462342147
1556705965298302978
215454128
75076827
2191209997
107163423
1412816095266885635
3343379013
43001036
458790963
960239186593775616
707996813718986752
385207494
762299556197339136
35427261
26795107
65501183
1417238114507051015
751829209094377472
436480616
256612353
476422257
316459406
1288160868707033094
1194383227340886016
536008655
420044904
2333945636
421404325
2329509469
1335457884663111680
1400875652
963469205327794176
1545141667878998016
408125290
239273797
2469377414
915414553017675776
991515992458178560
973430623112253440
1592453790
997556447151120384
1147053925104869376
47445197
33921866
51825209
1257757128699392001
1279297895628488704
1491490522707501061
2981881466
2838324006
2516970169
1200529114119188484
2362780142
252884995
181761990
29284141
287256925
832459465597149184
2674988228
1337958169
873283504817229824
602874576
1008351677299200005
1425895620343209985
3300542345
455877709
288559675
976834284882362370
545634478
2180950866
3064566185
94929455
455217441
2297205668
392084404
266775710
194381278
1068346387
560467751
3219603168
368369050
61276895
16961589
281904812
392154909
911756645138608128
3005163379
737067667182456832
44136852
2842421098
21360280
1083028838924333057
205865558
1040247510114037761
1312917694002364417
3385425298
315336778
295245893
2445585554
919909370653302784
830897224246771712
136807587
1243688059633270794
51237764
2255420862
1290073286345449473
1011384140
1576381872
302886368
3102308486
1131285187
1098155946
523542155
37528648
745713540086956032
107173183
3009855645
206719224
840399793
1306113606761603074
3115810441
1423336583256756225
1068634773734793216
275825182
1039686170685452290
3259483249
15477115
26955746
306222004
1059167219807084545
1189306069475971074
381935960
2160910962
2930205571
3277728132
203807591
232992441
771678818503364608
887134510898434048
1918213772
28733492
273112654
125491987
1113164474045861890
770524944
101085604
337338872
24890388
49760807
3075532740
130643608
754089991
332508822
341927367
3242199577
4855461074
3227662855
1106771325241180161
1381131992
4910361633
2421208595
50549853
733712992282365952
389307623
20689324
3063523015
3243576516
93681504
722147195567230976
1246134220537442305
2902002096
291806255
720016484752228352
2162577807
4785607016
423061835
2818553304
103894263
292972553
66212197
1058922229944193029
74329125
1503970156967571458
2536768550
4802935384
30343888
774881386859601920
1277974840960409602
561697045
32606021
738572018354814976
98437514
49183401
3420574769
309486232
124920318
602120764
2324333538
283774311
138564623
416769773
250861406
368032859
2358920358
998395356332339200
302721280
2732926384
392419843
715970644706533377
285417290
263925097
1128340056572186624
116848955
354894883
4600188312
758028704505221120
1368431762
845605952178941954
293588246
1073772143253573633
831738757732823044
106285629
216915749
768685304
1402826426336829440
69400118
2830587791
3322027372
700721004595781632
636762722
4746001523
707418523
1312527607
784194979778301953
185406895
714663459800145920
761248378785333248
1221976375
992847070901035008
539486519
883582958828900352
414138877
240049135
239240610
360444047
1215781385442660354
66619660
375234666
171410818
90097955
1304416306654072833
2999811691
18944501
705234531238850560
1445091986273353731
1451623699
965160751
114783899
2533464320
1087263943
740763517473656836
4074306815
776820421693812736
1092655279588683776
2453214510
1153398033457061889
707308619172171776
20369828
432071516
402174694
2471157625
955800534077853698
221066506
1309131122866032640
70247733
721752557069189121
887363547822534657
956360006483546117
83675374
414149573
1379406092
330756478
542608120
1575931364
2275366435
865809664101019649
284270597
267227309
301945705
1257857468656427013
260780142
1201680056315207681
3090493462
1258790006828814336
633707394
33290929
39134036
443458627
48248889
456213696
782074426766397440
4916508893
56770189
864688009769238531
913031699277258752
857243761977503751
520560681
937708692937609216
832089209007636480
175284573
454340656
253672298
287893284
1381738481060356096
555652405
1209110370033516552
381564426
960236960265711622
2349591967
979990000166195200
1152706951358361600
876631942631960576
498881152
3663783735
22205834
1347610329996525568
4780844314
554392006
3296192792
923874262636814336
190318666
262305589
2851991868
519683539
1355718504
1075168447
235306406
45267873
336444110
1462601619833503745
322772720
279174845
1100896909181505536
2354914261
1235195603812048896
129394284
2750232108
439557098
195653973
71435996
3039996510
27837737
870764171943702528
3017735144
785826773963411456
473999388
1030534292953280512
33923443
962163412062167040
1163186773981376512
961347108589723650
1091440040285167616
882755928
48796784
377698895
164172035
398164786
3289272602
742682894615732224
1262955474
466843337
399295124
298668706
809862774872481793
389055377
3294342552
3306511376
752608398961586176
818507682495811586
800081293203546112
1420069252023848965
2730382875
2744902664
751914791451537408
71066042
481348320
212332056
1525957261
1275425102696525832
3153706965
256136839
1236179713795579905
334314942
763912429403275264
564614968
3098148711
1064223512804634626
1255013625586221056
909065459219206144
463450358
49208813
200580123
406700823
863815663
286960454
548193600
857955282969911298
35493446
802691639714205697
1080277813742260224
256773290
748247970135449600
735402914
2223966157
2285519047
1002034850998734856
822923373399445507
289125931
710069715004223488
956153177610518535
1351356516071305218
1497434721894248452
348229152
856584356382392321
72058191
2746924455
258026373
960961745618636800
860952338453995522
702919638867283968
479592064
264910344
2283915854
1173053611
255610396
205146097
77892416
155645688
122561641
2160874328
3128519965
575945755
1157763021349052418
4761461840
1400292029280702467
42282231
2192648934
716455723140382720
383035170
841102068370821120
3232872294
1237097420690948096
97277622
965622943761010690
731128188328411136
1279977744869347331
701607233944039424
551973329
1067231148777058304
28590626
725941381072482304
20952729
332939180
132410856
89261795
845323121053851648
811595270
1155964460458266624
707009543134248960
298837768
3092754279
423613337
91151732
1220254850
1314235254367019015
832166249681518597
210700594
718145004
617408718
15700337
328488389
1345295610
703945441226985472
97290733
4614955633
134216472
360295561
329936425
896778379143327746
2954129810
195106530
738814084817113088
822695555675684865
391732963
53272976
961747564637966341
274864605
955933922
2501771609
1495232143559118851
749256608899698688
392791039
238740541
272579011
4874584770
1067291870
1547076067
1158116989
3871547296
808732700123287552
114059140
2465260922
954085638
755080431888805889
732108156
986891457242910722
211236168
956873556696227841
529838847
39889900
772941632631083008
797261203
3106751195
22723947
2393115906
4150218745
62281563
302285408
3115871910
173921054
725483686213345281
371066114
3102580841
73516126
462288600
201847047
904512117314789377
122839130
44954323
4350244092
314193555
258507298
957039556053921792
32670928
927197913515745280
2201061719
2304792669
1118183798
286317053
968579051819593728
2447624384
52953493
2948206019
710002998
51861812
3263787433
16606364
78202518
751731169813725185
126703279
391173687
1572918503031668737
20188807
2721410961
3997419442
145789754
51187898
3108133089
288187877
169106404
774703880705675264
294189054
1083557896279998464
910428203356872708
67400944
324216871
52209788
847612234356318208
1034854955948167168
62864839
215107116
1556371274
931177630648414208
499335414
126217890
735166225798549504
1447913354446753795
723745080901693440
1655566950
2230479751
29191761
890065584
547718051
2205171299
4729816099
16296431
324121180
886342208433119232
2380868065
1413058968
4631946697
799989884
942716395992895489
42786878
1485964809178955778
2769438473
1423431611530493957
387864564
2308900056
1511817945915215878
827135951549952001
221148094
1976903606
791453746660278272
299911930
1864959674
1495937421803929602
2416681681
381276712
934456688354189313
735319814
3020408258
27906903
748302476
14065217
485733456
418391113
234633742
998035477
78748905
760281462633406464
3307125044
820439262340517890
110028286
1009832971
1975666562
772718976
1198127840417472513
4120347419
4867553296
2804694366
77417989
1285942802828931072
86199450
1107430657737801728
755118198828044288
284143187
214336162
200865546
249725420
758717927680016385
822513223844974597
793927037459120128
24067286
454262182
40388659
2770446075
1285274570820407298
214204613
951906038126702592
447640672
1011001342398226432
401122822
1135145226
984885436492509184
90119647
107749462
35347079
2720293436
910692015469408257
381277955
1005221301060071424
285633181
3835050072
867918422700699648
1272957214404329474
2417725356
3235685052
1040981599
30803894
624096914
718821399520022528
2818692042
2253937404
3234100478
1033798033429999616
628440167
1134230839364132872
618259232
22502395
370498699
304945666
1500877053029195781
1206096613544005632
153512697
412497044
2921766225
112257027
542003612
752251059821682688
770280745663291392
76804247
435485788
1210597316
70683270
1355218452
728579160965193730
465374136
1151229757297758208
612058612
542077922
331413768
1272733090427875329
122457831
1061701827891290113
615399257
802559497822732288
3270245076
420097707
50661809
575876141
964950366344265728
892879115598090241
884626277151498240
2511298669
357958245
607374056
435065872
483388896
2254296589
1481786723742924800
2927450421
1552273762158084098
1341180796493828098
880611547546087424
4164857429
1014119915937320971
4852130699
1016543510294618113
242934493
2578134440
549572739
743460718293356545
390884003
3388478489
74298526
886949374047256576
769608361839095808
900159366254473217
481556743
320410473
2360007218
191622450
1105323308
325258637
3302621546
314776155
342100591
4827412164
293371087
764622211978113024
1292841681130344449
35595347
774874603252543489
27613900
621154875
273098122
4626686841
503060147
951593441292640257
453434572
520700107
373785147
942065245249564675
36798624
1564025736
769969068
1094007718392803328
1512442152030281733
1447744699134091264
24728880
262411589
269649694
933044440830181377
1271651208164499458
949369298585178113
59467888
1411016524794638339
1349494890841989120
2248063927
17094761
1591449889
86286256
29907862
112250307
1147693508171653120
24443586
1615185079
41980736
948084517176332289
958939416503996417
820609364
275712701
52262813
124390630
1505931910438080512
2371631528
738115412768890881
883465747871264771
1059599886017089537
978097116240281602
120706220
36887328
529717123
420816760
36507958
1148500262
169950832
1056475256
433847074
2738203838
144347328
1283234934
108625101
826778357715128321
2939521411
1602510446
729797402
989886605790973953
1070440004873269248
2837403955
997929159316951041
41580010
67383089
855890214413373440
735320028824928258
4864257004
258410162
133453204
853059890616705025
1064969000407437312
2853536893
276326572
997811347
836298947811553281
21823701
1464313536931377152
1732641595
322979876
21836409
1386728228883243011
1112493555631693825
1328289806
23073345
725422750836219904
36132303
1032987309971521536
2226925150
40729408
313819740
1639609027
60480756
364381702
82385914
4876003596
1140915853
1023035219216150528
2183950848
163604336
709813586474958850
47196367
262306229
1686180367
3091932745
840278125896441857
815349193577558016
1447605396852596741
305252797
747581111161626624
1089302762
462502075
620266579
1278076298905206784
2400243033
304799752
251781191
72764133
814317617292906496
759278231262494720
3783523096
739781503287169027
874684663993954305
2924166748
2148965420
1281408669251448832
1300052576
553726134
387917781
267401621
711096252
459527369
74897322
783329299076120577
179956309
46469082
23413544
435090976
1093247922953699328
795085037620203520
48332693
826438935870062592
167520300
225489406
1227376685777129473
768781094
982994268796129280
748117479533195268
74525321
998387110980747264
232678763
1467577021505187853
35405747
303359148
238311112
3193353009
2462028974
411139093
391133213
1094656343091437568
239476469
878691713086136320
1924559262
235667833
1000498915
446638772
934810727445094400
882409243189620738
390176029
1244664329800167426
1069674280579944449
1944374917
784994418
255734373
1157861192913870849
940435485918457856
552390343
940959812141174786
2241807056
337875154
4911184332
170803799
1072943065
1416745722
2669350676
2940116807
582404647
350647215
1514272911539982338
37369096
2321488902
452980776
887334932829306881
262256265
526988108
800400613678776320
429572015
959476060525035521
1188144178561212418
912064996322037762
493600068
209987200
2177476644
19788982
1221437914858446848
1426385939341922310
955276770772766720
2902412191
1428197180662337536
830322750678040577
884180350808846340
897651126018887680
702397496
878330485
1234327309446008832
1724484450
830093451974828034
1296586735128903681
1613061714
290923291
571982893
808093142
1268816588
2295217322
437249513
2412195595
838407516258172928
262932838
739499350779273216
335622308
3938356580
104371407
2176464213
2575470585
1084597717702230017
1081294835477241856
3295543521
714225935864565761
918303487921766401
1182334414589743104
3386806391
23156379
333368943
67055337
151953804
1513023871
45276608
318880201
436346002
913844650854670336
621029899
259923905
15659497
941475449670004737
1114498266413129728
331362510
3152176772
333008960
305625946
3366461901
3242372287
3307937820
1176820993
70528367
173987018
15645795
211245414
763817387938414596
2740438274
4607511194
1206601633
299686261
282325677
832306471593324545
1092200132446248960
718403070
1235649463
312406272
400215023
199106036
332496494
853069335065055232
1470594465224019977
2616031873
50474363
967385306
57653710
3312212328
1489306353520857091
2808122584
271709080
339751696
486868761
46499129
844897314871357440
3292047089
713017954569355264
1042172610111590405
19273488
156719782
347344030
273594124
1031376718106382337
82424357
2472553910
985931400388853760
733124215390396417
191888777
1700725620
1541588772533444610
913981322909163520
1144769455228182529
1296203974018834437
722128576045142016
858074261499637761
625089878
813990204361080832
1459171290896551942
897203370926243841
257024348
453580739
383554657
26402392
136426984
31050854
848281449061109762
891009816
3152134070
936874926446927872
501522984
162549705
2887783146
880296333474713600
1220275908038340609
424000217
39570047
777911848133861376
986044382980857857
745896159483412481
550715347
1182879380739186688
913061911062880257
398651346
793907307088211968
125105681
245991733
345685361
319400545
1704679699
267579348
3486385814
2433798818
864728843373772800
803001350
1099810812288471041
956358548
523106637
1084403540880211968
857328549610573825
18251180
27918087
3321764384
49885517
2278685180
2434745607
354123751
110788103
1158407011
424692022
4784311368
36885165
1381836384885997568
1260768206
358409903
962699405357912064
538507696
1168950364181270528
330978126
925491632123678726
51955518
2952611627
37846589
22443950
589407217
1477940461041963011
705926906
381852996
76106519
123051321
793142064
471553188
3023008538
709339997
1281051141011386368
574219756
921093527030976512
939749602265325570
4486002617
633504586
228521764
110480582
488075393
92174045
1283310958446809088
282269148
929513235119828992
2593559701
960322603574616066
2753766484
151499297
2263187850
103404694
351706260
1099150276383129600
2364916167
184259677
377198835
404588275
629910402
3327249746
2903182122
45674477
1539090648
287916144
1448958500
2939891678
2766864641
319250000
350483370
1336461099345055747
433122512
3444160403
774693599938170881
218867995
852423474
1488384834
92319165
972318876
3370920591
269498588
813883783824941056
1511912996
860504716672978944
366809134
238668767
241961007
588052389
447539335
1850123028
1276259290408521729
821872101984534528
2675234766
4663917134
3324337361
890020236061290496
248507873
275743637
365976294
141268626
450307014
261277686
64421348
1268866605108334592
3017732286
70196319
543432134
40326066
1235783739667603456
937816005623066624
4196443487
66404633
415508801
366968498
962113974664941569
715962945835048961
3041934827
3290349741
715727057917857793
1418655970583097347
2688011792
2859353756
1581455045916344322
35817951
2588596404
820047574803443713
455459254
748247601938632704
1360206679
2286191846
905269602422329344
184795298
142445186
3057603910
487227769
3182350045
955865070
126830335
854869181505961984
392343915
424839343
353497285
898685239974875136
819391024262955008
1018609062
24975223
619340219
1530426439249678336
326922581
805467541606989824
3240938486
988391309948932096
1393575357970800640
286457197
4765089165
1170003639638929413
32263151
4381878375
316876729
373505481
74472041
731445336
751994738585300992
1578542894
103370341
1011876416
223942627
1040792672582225920
466979296
66370342
46186791
722060180456935425
1225443781564141568
48934494
2458602469
419300889
238348096
546919571
1183083248357969922
231998562
326966808
235469246
765019292467290116
23692347
2988108818
1242598772
2341006628
26996888
1227345634241449984
259439278
2717153973
808507866311053312
1128797179190157312
857037253
125813367
2576117909
1465632199
593733140
1489424857393778689
984181771972595712
458222438
465174035
329358697
703454623382700035
102296774
183486994
1415739428480368648
1036411941386952710
895101890630963204
1054511706
932795339035299841
104731518
368745638
1168703614526918658
471683030
288874793
705993114
408068001
4410912793
2722560476
160116976
747594478668648448
3073933341
1448977238
1489394891725672449
2267783659
431380990
42579454
1530242888570765312
454557231
852329039587049473
2459949478
923184596187041793
2326329716
955389587773362176
2945396371
402951768
3130082925
468915604
876113687756591104
4191778152
1360951460
415939715
933429333334614016
1007362582901153792
1513894995144622086
412114629
1040583581645594626
865914380013248513
2636448086
1483898975761702915
744528438824837120
1033353522945785858
3258796104
1133406219476099072
1090294940
4908209366
838172086598307840
1012811458537762816
960234153886257153
151864469
1071488985988517888
26188075
373602350
234628279
2540193031
705576129273311232
2290478248
1532733847
1578071136226656258
396792331
52748108
322998462
1523516330
782250377597034496
382976333
1358349696
87286813
4222918347
876607345773727744
27384077
3370117263
436267009
771322777856913408
4157541437
716427701901332482
51211822
791753731918397441
1000071199727259649
2560741517
193806780
64722445
748880094421147648
2854702921
925876552834969602
48179589
3245644531
440053368
2560027762
771662114825998337
865538508231856133
220583030
40607903
984953733917356035
52627182
462608461
37208972
1376164356690481156
910210587442974722
325035508
1432628651867222016
596335224
1246725803909550080
3270979518
2745268603
222340340
2903757806
728173127147134977
2677620133
2996014995
4709544613
295993462
1179593235062235141
89963098
756626175208939524
1330363537
1556240310
315036127
251448995
713431398061891586
300928395
53765457
537794661
527650838
3194506556
863220406408314880
1013585326588289036
172766598
2378868768
3031987300
860544882645118976
719955177927766017
168936657
1151062874732859393
2502271959
2278562671
805104707337228289
775499260842213376
991248512
1533623702
1511929595972526080
380104618
317273357
316784754
1158343488
864589630657744898
953766484064526343
3621595993
2722398525
1179640513818959872
938861130285486080
2461917804
54954011
820337211560394752
114097614
349316598
137134980
1546476637
333662888
195880819
953087674063212544
3225556052
721441188
1154659616
228550101
90517443
1584468684
1068275636467195904
820470351972933634
43246367
343199267
4500122068
43260294
159225422
1924754486
1375403000
3121597846
1169422242960347136
893821365916237825
3142944553
817238975710515200
482131071
573999230
1955136205
880130468661911552
4443515669
837537145917038592
871246600810647554
266367478
2993528839
2921052121
169282122
23424405
2331510338
1204706224304001024
991783987243880450
3027394891
99979731
2975468768
3937927454
591265643
459147423
228707844
219466214
1146868647010480130
2210091799
1216752057446694915
340672995
860442882
4175406318
2851491612
874809743574958080
2307690306
263320940
800760882791780354
3267128346
245480517
464923336
847693886
450091423
1201945891
871678394131415040
870124495117238272
1491219661152829451
4549688320
771111137056321536
51674513
351983561
411203257
1436895764500791296
102505036
938738103837130752
154147990
292001651
22237777
3273857059
1282745768248520704
1735446254
392781656
270555498
344475362
2919404857
765605809975767041
4456423393
444267172
296051712
804218683413426177
1728681320
1512720083033989120
2834415360
1414460244
2600659994
189193542
629146092
282835762
237596131
493457693
4073913373
238024851
2364697370
312320980
760464803823398912
614815993
2980305264
392896711
522041896
386748255
2850998236
346835709
1275828163
396654594
415672536
374775757
818589731441111040
152870318
2863223849
853438021978521600
2924519450
60993455
766463314452971524
429656041
923712296601473024
946067811310489600
882677778314821632
762317931032223744
2841990043
28401070
976255864163233792
1287498090
828992393965928450
372088752
956303214068060160
2500060178
982873487504236545
259416761
816748379787116549
2958051036
1968638208
33671471
619899932
233984135
129609313
106175143
730278534246109185
1567233306
1607138383
2310181562
284201315
1505158161128464384
1491804547
150498605
115764594
910669599191875584
4159856898
2286919333
4627616534
794769853076897792
217283490
65563900
160821420
380260619
4889668463
920644699622461446
1436422353169289216
489649341
855499522230951936
273787127
2263773734
1541965728
1053296229873082368
1109820847
708102616283090945
67481098
58363052
2468446284
2541510835
35252617
1215779165322063872
2198488694
3337830400
608659973
3239248189
2352224306
1159512601967116290
810178352871047168
2181815491
2994894036
1293005110415699969
436385959
2466379219
25024649
153977865
1531137071628304384
709791944210157568
2978343963
2295267584
2757423326
4741723512
1090181658056241152
2966181892
4774034495
3150556993
55656332
75784707
1382483353
2882025653
814646207142391809
2790951722
1230216904847089664
957423798936068098
33374148
32936846
796383749466419200
257575966
2468643950
1305579574273728512
737673895029837825
1242208188
835296856351592448
83266089
1486819191873163266
1354480068932689921
452429745
3317119772
3171663798
1360841452000055299
171720486
1391876389054210052
624071460
1109621048041984000
25915690
1356689020554772483
37577463
1561965498
747814041830121476
1310706481646444545
246558649
3929503342
1365101100
3698122955
151615289
118832235
855781203919745024
4569539534
247886703
527118865
60961524
982473394007543808
840207442990489600
737748847900819460
1085182856979070976
3172209851
270578599
1100109091
809403175
29053508
240471097
489378477
2405802916
801677550191640580
3462622522
563587895
2196585043
436827936
923076673133670406
497420742
4163548100
16476852
316111524
146115452
998400821468549122
1102458752
786749937572642816
616521620
2189684360
321187248
2509220431
870824137840705536
867560681943351298
42616201
4519566073
721726615978311680
1130905912745578499
1123923806643531776
548071187
4780868545
870103989207093248
212618626
152492318
1943752490
2821319134
338617654
933388213531549696
355791204
4120089975
924373217174794246
2305679113
46460826
320945673
377451018
4735873488
1970100278
3290992950
719421140
845759709630140417
737837228
479077571
405160579
722710171
1308488390
472203962
521026314
331375305
243731008
79212866
390861182
2435057893
3348488812
402442695
981775234872127489
889500713079975936
751676090
2176184563
1167985893908647936
881412846
95731556
765266751453966336
742918418
2563973378
401457739
867194376467824640
321117634
2329200980
108379747
448735487
706762448
35901760
1392931203507003399
4741025715
860838896917151745
2931719136
30106153
1525905448561418241
16950786
627700672
781496046
522622755
4005375497
798266975277424640
4872069167
1284828404
464902425
38205369
951816612130316288
1465000597908643850
20599346
68302442
231286880
701635159376863232
2907445274
348224052
2864985694
30170961
323195691
4913297930
270424586
1384256048513515530
840323802219319296
632049689
560030883
926220477294575616
327157899
3241208141
133504379
1215744624234565633
34066776
958499808
2755937751
2902310473
197657730
811025470934294528
43007579
86670171
934928803503190018
58790794
3107933034
4892829772
1447279512
926143271654580226
539559590
253733886
1177774921910538242
1041001556576006144
38424569
72874807
4730702346
341388805
21771272
772555015659610112
1057098896097329152
3907260913
2357053950
1488189255713239040
1433271776
234885056
1029940948048986112
615522095
4825624426
2758817231
233778555
464771628
3353304374
23388047
875129425
824737499876618240
219466241
1526159208
360767516
74143704
877349717864316928
15263618
808733183676219392
3044045454
950047891044872192
113069463
1324027882256191492
488023126
4499464582
717009841026256897
958222196769542145
124985735
468017655
158141456
741075152658567169
1246306542
1155827367660703744
4346087195
879148968713891840
434723888
877761049
1005269679777206273
