1557066385515491329
722102853880397824
937088791973711873
36383362
1580909633392214019
1219702357
1445347022555340805
961920981039222785
14443412
213018346
1512060128886870021
1587831003091025927
865934395290644480
824421862503542784
1422326495712878595
1528779333854056449
2586442032
1333823747606806528
1541123990109970437
1391907750
19523856
1385551637775896579
1412769074942255105
8309092
1558514969091911680
1495098860317724672
1512348532946214917
1580844359108395008
1567527610346782721
3203047011
1571586206751768576
1453857220861603859
2189238487
816226319524474880
1284903049409044482
2835308539
1052980874
247510965
1315164769
872465365648850944
1544400744752766984
1561715404178968577
18910026
381504847
101230676
3240535604
753535538016157696
1373327902939492358
2751481521
1325062696019111936
814235291309527044
82953545
833967374
1567102888463179777
1577054755314143255
1551810111198433281
257563582
2826707437
2869914051
1559893661374201856
1573403718824984577
1444853856324788232
1555592209
1558188696934957057
773742314
1568560911408930819
905397008311209984
955121237080133632
1259523220056743936
16619708
1566997180262633473
1496173488918433793
1559273188743340039
2212932148
1582065660711927808
1471126082199998470
1568055419247153153
277778724
1513544800347332610
13362882
120449443
933834722467373059
1489299369341898753
1349651981837635586
1567278944369483776
587302151
1561669160848998401
3288805558
1503097805036040201
39050193
198947002
55333704
785711119839080449
927919450908528641
1371413596496752640
1070242490
4439926153
1470564661384806401
1565065937618886659
17391894
1567294595452616705
17214029
1073802489344843776
2501083423
1525519128588525573
1589251232
770291166
14651892
26463588
1148124045700993024
1567345823079448576
4197469533
911053615888044032
1520223222280638467
926991247985668096
1469072286862827522
16442075
1547537511098073088
2179348804
774815623620603904
1625845064
595186146
88989487
1580212374069313537
1512503816993722368
1544113889608179713
1549424768469942273
882334563313352704
1572033233134538754
1392564881833054210
847822854
14945059
15298548
885031699
1566260408930934784
1464111555826569218
1546583736740880385
1395383427084390400
1509612365976899589
2974416525
779275302484611072
1547531206119591936
1501580419946455042
1567918868894711810
1277641334770319360
3922555925
51192797
16742964
1509797085595734017
52728478
1359890857327874049
1500754909083447296
488683900
627358296
1577243442152980481
484796656
1519546911644078080
439337623
19236950
823203558715703300
1327256847288578048
1477845656320581634
34350722
1068158053525217280
1498382900429045764
1560640823271702529
1569452433142870022
1250089894510129152
1565264838867431424
458092109
1438176287823118346
38934619
15373404
86025022
1569955605078589441
411413232
27680800
371842329
2158892026
1563178141295984640
1571325254
114219354
111756891
1571836757020123137
1566400496025354240
385830781
850006034332565504
1103814965960548355
1546970433135804417
1566970466635751426
1567140328184098819
1563883684473757697
2535133830
374745030
60863817
1326774854
310946166
1577222163714768896
1572671455204151297
1440651816207716359
1306048225
884026567524892676
1567214398015504386
1558570693201014784
343277566
1367218149423218689
1132278180218322945
220291005
891787163364405248
1450879299129593858
629776535
3430469177
1471935648571531270
1514562195002048518
126004679
1570212695290281984
1568019842069831680
38169298
2557422026
1304672529987112961
1367514183357632522
2669454944
37935132
991762005064273921
15913587
1567107877164261377
852244024387874816
52547083
1356258075834003456
515303152
897391583607353344
1565691222970204161
1555433782249127939
807476715354144768
1271472769541132288
1582442576921169923
1567896346346266627
1522501694667505664
2208580462
538814601
1503910940147949568
1561158674407620614
605653779
1423772635998003203
1561551368938217480
1411345164015083521
911211953128984577
889950951095795712
717903483
1559939261889224704
1577004308133908480
1549182176440221697
1564548529158295555
97156238
1393877974416601089
1575656817987751936
1090205748
1549430516666990598
1208687750238609408
2969819632
3256846219
1555053808794877952
18782063
30966270
1565790452707692546
1345304539717541888
859075032982712321
250379895
2514466345
1419602935647023106
1545869120310329345
1486985673307426819
1569624778033737728
1214696110364733440
279528797
1527630727549952002
1077511000549662720
1561930591758680064
1568340612843438085
16208345
58917324
3305923987
1273343727059296256
211370108
167481503
1565492372825333760
1307374541031653376
1579736147646971905
795355103737901057
1403739183861039105
1162304865701367808
1589000857990864899
868885683779366913
1571221397220851712
1547277470554099712
122946586
453207646
1432573429606088706
2264032877
1509203296594141184
2470711101
249821479
1566039393588101120
1572175550986465280
514624816
1568666357897592832
1271480545583628288
969805757242785792
1570082823381422082
1040141762
1396117750125273089
1325441629092712448
284822864
1531298548104691712
1526310455895113729
788420699111190528
948805358738399236
454292482
1326200055020331008
1573229386979057665
1566857275591245825
1390234870429798406
1570144511044554761
1343843255499300866
1340852730928246784
1520219610322194433
1323460337102921728
1563775722568953857
720521641
965636714189475841
852517642728591360
382192977
1537352482300514304
1563555101955960838
4870569493
1577925602719731712
16908607
1416775698556112898
4674626629
1548604318588231680
1341423513018589186
1563865780462272514
1557412008693153794
1540049096748273670
2931223727
787321168311246848
19203426
219741755
716737578096050176
1286530930115575808
707691117941280769
1363033869394579459
496287779
1572769456992014344
1563884731556630531
850093097107296256
1217228307147550720
815874071401467908
1497018536044204035
1569704751079768066
1251117214859747329
1336276996817620992
759055203509207041
9976002
1054380929802678273
22774569
1432602493
1569990627655294982
1566718325811560451
774644844681625600
1501119466666528768
1329090183828971520
1137988464031522816
15433345
1460924202748424195
78997450
19045142
310690593
1887448932
186996441
1483699616369590272
1479041037146509314
1514729629407457283
605141862
1507368318138785794
1534615295012360192
1565086023297662977
1094549692120223744
263603282
952984679308722176
14763566
979831779967295489
50679470
4702935741
1353245893646897154
193176403
1570128287057182725
751623444534407168
971940622440398849
1447279656567201800
811606751397244928
1567045788491997185
1503946811987271681
1546800246558265344
1197387381546127360
869527343643144193
763868155
1561583129994924032
421867114
1528539362841042945
1255884624154308610
1497047923284414465
42511367
825791475023826946
1373574694486605827
140337665
1493112472173256707
1403071049172873221
2370142519
1558756317396860929
515442059
44150150
1563835799883632640
1323340908071329792
1566914822041735172
1576131218462150656
31281605
1574329816467361793
1572147089152385025
1411819219990237193
3006323259
1535242071661223937
2799666767
1120379575828086784
1574863606918832128
756679740186951680
1211617723781771266
20191120
324910195
1523226906111488000
1572095822543687680
1562881610659180544
38110766
15356771
134489259
1261744213668085762
1580538541083447297
1528768545219391488
1302646517883375616
2734293270
1452844512779198465
223882138
21436378
1565722328486510594
1537347515997093888
1465923942309318657
1565427931010179073
211772939
18872216
916622820435689472
110165350
1279841916549464064
2565153980
1566187814823362565
1532171342275317760
44622713
969219252740874242
1349633712
600584981
1513180308954222604
1523129591598129152
2236658947
983898988129681409
1558753881030533120
1462984436602093570
1463223465582944261
847795245765054465
197921218
43591823
193850364
1586790256879304707
1583214934149791753
1247189573819604993
1215343262317281280
887504802
708317606969741312
1411969802210512901
3111055837
1352148195388735496
1242975601
755044262857826305
907017117404237824
1582695749623590913
470532095
1158426311708332033
1194902738
1608677576
2832978568
883197573057654784
1229814741826244608
2836703082
1578623801386045441
1437855364242755584
1421404269853380617
1570246996149125123
109105911
1455154906965450754
4811060424
44197088
706792296730267648
2163322584
1552440148234739712
1576628245834997761
1570407433268514818
1461557439011168260
1340702150482157573
448200311
3426638068
2402048719
1553711728504049666
1567418653930315778
1568207566005477376
1500116448525443075
190966030
48003038
1556582322446761984
1299408961586724865
1165828546972938243
47093642
572648774
2398944487
319441599
1460760595729313795
1567547765487550464
1355565600114929665
1359957537211232256
1566256463986978816
1104716078305832961
1409726425
3312033656
1562966374695047168
1568848212827545601
1567221936836468743
1385947042523004929
1148546636819423233
1335183711520710659
1151175090496651264
1557298476765302784
926299776269864960
1563310791591243776
1366747530558603266
1566302009237577728
1570089942327431175
69033784
1333330262135083012
1344665072
1570604188723183618
1499244822242029572
1525023442612826112
1721707494
974811353885151232
48645106
2525729497
3313345776
153863505
1457062937097486338
16898673
1491857435694288912
123720060
2982576459
1134430403010412550
995786744967680000
113862091
1560603919478169600
175335903
1559329145359933441
1586393561112666114
1230511771242369031
906945763
1546134890344751105
2282531479
3254813371
1557627347653763077
1468603388145410053
713145425348276224
1128855840
1568439919999356929
811275526845460485
1559475136775987202
1544826577858486272
1066375362
1254656352
1100856045545635841
1548830757816246273
4472655586
1581954870076231686
2821195395
963616266
391256058
1489259460950298630
974767839872614400
1155743712107827200
14710129
1369756270207504390
1353154316786253824
950942738245066753
3385068466
1561500095698374656
1435292601985425422
1044119125533085696
1401132981536923652
808495585
1491686467743195136
1567625400586571777
1552262949401673729
1282911138867363840
1080535416
44434092
1397600555652902912
2242246120
1570187949483909124
1539808264329711616
832721517557354496
1570019030135717891
915133346992201728
1226270988507189251
166473676
916361926359371777
347402767
989021125
1542758393508659201
1215628652639113216
1567281199319584768
841360470451838977
1306221269373706240
1559037726204346368
1541507166674325504
1525107556061958145
936214672503705600
68512296
1565311902313504769
4886650528
1258834922804051974
45614091
2783176471
109672800
109652052
930298607088967680
37063530
171029061
145650449
1388367144052793345
1568132779245961216
1163452582930423808
1182937264826896384
1558374141652254721
1440383239
583237982
1569667205587148801
15814835
2988362808
719279794387578880
495212668
1114164591125258241
1503695259427090440
755840248865710080
1349696286124105728
1547248938075492352
15982236
1340697352852676611
1329641926677696517
793929934095859712
1560262073430331394
355907515
1554113583289700352
1563276741971300352
1110205010955034624
1171161096973107202
246321409
1511859778867376129
1645479008
124488906
1538872659185917952
29277052
1487032317801639947
4229921332
944852163158859777
1563092091613261824
1411231003306184714
1572845317048963074
1666443126
1558091165013909504
1224002332859555841
1389681516179955717
1480824385044836354
1096128815653376002
1527369998913896448
1567163443295264773
302655721
850004865824772096
25341132
30085913
1580429481583738882
1473976820567584773
910493277098577921
4553568914
1041750862950031360
1084534826663899136
337023222
1176389620264624129
1328440507618324481
991357484
1565003309848862720
1481556859450535941
958530942875947008
1006236356316680192
962329631188660226
2743248812
43179997
1757315124
999171150608388096
2602457059
1571939510333874178
1154662399968010240
1715271
188949744
1488100195
1196851975519981572
14968567
138441935
2467344086
766318172676972544
21554132
1297523883923460097
93417622
1483546223730638851
862280716901638145
1536214743236907008
900023159465947136
781136132
1448336822199734276
15485809
988805425595342853
632175021
813626988694937600
2332673887
1459815144196919296
1250211597609504768
123736943
974247029097598977
1489044832660111367
1460229333973356547
64677310
1423685220100763654
167760471
945715045975117824
1269328670302273537
1466066870931443716
3392961136
1586423853168967681
26642035
883731492639092738
1209506970488705024
1377764213029019649
1506357060799463424
170907109
1457394809140830210
1528393546650243073
3006440615
1565705125657821185
173244056
1521960580969484288
1557896912560304128
20668425
4159121447
1577186397064159233
320037555
18531373
1570357824785633280
1478151793838374916
4494060861
904726658996998150
1465620749419384832
1632560700
1949360875
1507815826480635904
1587778531098087425
1565820519534010373
877800655477501952
1561568743192412160
1910386632
1408400131
100262405
1152955495084417024
1483618445430251520
926382417631436801
821758980
928947805317750784
1525120239352041472
548128423
486751357
88942311
1569961482531782656
580741035
969327768466001925
27452818
2691137521
460186362
969716270328315909
17706184
1568138236538589185
1191983716983287809
1092823899597729792
1560334349744103425
4764887486
1499000649173901319
1582273147142901761
1463207135852974086
1569529344229535745
1305972135505129475
1531449683322847232
2297212006
1542196873758400516
1576208299309015041
2189749231
1525145046
846640484063891456
741977745299779584
2496007784
1075437526154788864
1565204797267263488
1446879723443736577
1567516320480260101
1566201729619841026
3215264945
1579753527160623104
1559225562069368837
1492846273300697089
1566118970859692032
1567284674296152066
1337165857135452168
80457950
4062723689
772463385837350913
1653450847
1570290074159353857
948876764515717122
1393218103811575808
1938450937
1532775194
796783390838161409
1290679106691096576
1383478582647791620
19953949
984838479824801793
2552114780
3296117420
47148138
1556134998868217857
1568865409473908737
399057470
1501858288056602628
76575692
32649937
116820041
2362482211
303156742
1001476768262512640
51087126
763992367
1537516404643139590
1034559158022860800
301166025
1547000269829017600
927915834193965057
802594564708175872
1146546376869851141
1570327607979421696
1558900557384908800
411574096
1088917482608443392
274939731
197734554
2456975666
1526328531038482435
224950073
2199002832
1559895086
757635925019025408
1321052257555779585
1562463215883210752
1562347618566410240
890844439442325504
56334597
1550380156707028998
82697288
980961626601000960
951817707674132480
1246383986844131328
899626842784759809
1509984558246096896
1282146321537867777
21498631
19509094
1094991941895360514
1536268488511307776
1566807540281012224
1534586335763251201
1677105822
1328711717795237888
1114834466
1546903713092173825
1569178570588844035
2371017426
1081921755588034560
1562856053691191296
1537577838655770625
104920523
1455250499033255940
874593313575362560
39900014
856952755046449152
1156866430819807234
1521627858082451458
1576330976069750784
904387390319583233
1584035595399364608
2992610139
1548414035560869889
1490956983398248448
15739351
1536190516638928896
347939802
1387971196285718529
1024741451014590466
1565941758466265089
2231216727
1392628520833093634
3031213163
919237612333883392
371427542
1580665700766588930
2899716521
1506071135468892169
533339099
979351131103965184
1566292167013945353
1507475606354677761
943559680323932160
775387195259621376
15882039
1514049308248653831
1473531202577469442
65947086
1557073442683379714
4114006162
1132044586770141185
1570092540392513538
727916808037011456
861671264
957002884335439877
1504130805542494208
1566305168832053253
844490962567139328
246664031
575653880
994138211390820352
1011529551137136640
813226317629956096
1573106332063907840
1118097618205278209
1568710648053342208
338170924
2420043436
1568901015457656834
1571895975307870214
36799140
1423575314538639362
224109540
1243270261358628864
217846335
1559105185305268227
14050638
1570269573597003777
1442820614503477248
1493651514224693249
1567539128048259072
14318126
3074232404
1559211950676054016
1542874706381922304
1569641258024579073
1242114241072693249
1584177298865065985
11111732
2446856730
1492202546320003076
1569386162346762241
1149034071680593920
2376482920
1131094551895003136
1063101840273870849
1552633999738159107
1579741124817821696
1485990812811132929
1449864768555192327
325581557
1444286564679528449
32124057
1525999895701749761
5654932
2327556110
4793095457
1053828207370231808
1248258240158158855
217727213
1412920484849651712
1374348997268242433
1558603387888959493
2964218937
1585657440372232193
936670861066752004
1569718472510414848
1559276145433907200
286605326
1457690244430499842
1511728289764757505
1557276904092229633
1549837817789964288
3499953677
1477308220876242948
1262055715331596288
1280992553396043782
1394597917114179588
1577910959720759296
1586727173012000769
1497633036913025026
1494417766702477320
1585606882521190400
40215989
1558794847510794240
3013010104
1475458993388724225
1558738762271805442
970606345887117312
1495726185895976961
1532296267036073984
1577602856953458688
1721980081
1568889315597451265
868073099731795968
1068135740201213952
1559020907963768832
1049975826018529280
1355066267305013251
1451746202471514114
95488935
885039960952369153
3421034452
2757972982
1421584028810059780
1507747002594996229
1567853440247922689
1432983037755543554
1516130002181439491
366261815
1409771114792902658
882800541646106626
1571456727224127489
1268577205317185536
790357931539726336
1126781187584921601
1661722056
14838518
956972039981629440
1148259300285902848
1262467667169964032
1557757064667189250
271399228
25370851
708746816901275648
2342795127
915635751647191040
1391415843985055745
24247171
1549159097441869827
1524674923901243392
1563924819598446593
4237138588
773168232962351104
173532530
295811150
1558390247154601984
1073295516702781445
1328186180916051968
2780131135
1582594212427882496
1410656034
1430795128789245952
1568406265029615622
44959852
66799471
1562989235757789185
1563522051893182465
1561473443014615041
971684137416384512
1570141569122013191
723225390
1548121641099571202
1573761606038822914
887365135924289536
209931202
1563460762630516738
1488161970599702533
1569272889852952576
2612088308
1039018520007385088
1348335505994297345
1557532183119757312
1573288651705958400
1524954537483980800
1567762662733357056
2683088040
13584162
28690728
823620412101816321
1557713788354306051
1575042334324137986
1538126669428449281
1569870078476451840
1550406273857830912
1491643225336995843
1446675690154246145
1324008132176158723
45660717
920201515817504769
1568809941778972672
1536097984105938944
1450816953673818115
417649565
1576644149574782976
1398671034631532544
1515815209595817996
459152645
277787865
788394882658291720
20345557
1567740559669821440
1315040611540652035
897283824496726018
21765084
1226518747415924736
1356186526292566016
1368419680357146624
1559907117737381888
1324080032873066501
1465758263161597952
1549059304606830598
111214582
72442803
1577856893288169472
1466104874035302408
1345938689302650880
1549981832040497157
275452987
789172001176858626
1424787769444929536
87943493
35813792
1550037394426134528
1677036608
983434928418447360
160946758
2692051994
57045274
1587030841791741953
4354953563
708662423876714496
847128674080055296
2833416452
851212764513275905
81506104
1292929570111459329
923878386715582464
2831243438
278032665
1584278370904379393
1564972503751073797
1560235290794622983
2537130591
712304102454272001
3218698762
3292611507
1230448316179087360
83996813
947783678
1524066842813288448
32878258
1578379746819379203
455233009
842872750557544451
2152512628
951499697172119556
893990977655889920
1326626202250043393
1501485581242613760
1183062937487007744
988164863963860992
7934232
1570292169574850561
1298598762005266433
91379645
1319332359330816000
1570656536065675266
73029017
914628492700024832
1568475329605341186
1422743631945945092
1567368476104495104
1322485087640915969
899850577055588352
11041522
1547122622109999106
1566760795505131520
1475678650909351938
548455028
1535062237
1512075618518593555
705856228010893313
4341781815
1513730445493497856
1396237588936134656
892443958898335745
1437287916074504196
1557788844501733376
2758429260
1381214456856907778
1194069223825428480
1550975127797506049
1169814470224252928
1558438111515774976
1307966281199616000
1460212458061107201
985877583396048896
1562720870673420288
238471685
17735103
229134652
1358474123215843328
1572233745557512192
708564077258248192
1426760181766135808
1500146577666682880
828952802252578816
31464161
97469183
2187087229
1538622247073628160
1584819411621396481
1566779119198785538
1030489454039814144
1501045063471800326
1448455208552435714
1526847256229318656
240615214
2207527920
1948976977
1566993369661947904
1029906817491628032
93631108
1505807629477715971
2839422915
4742704767
1586003843212623872
1439666262603403268
3054919804
1352635405808578562
4917078461
1558484805590941697
255930676
1559416073090666496
828700761928380416
422454771
1554793444270383108
1568292345048858624
1565773880949628929
1551213168835592192
1000399372629233664
1899455688
1373148628672466944
1231931727658000385
33151608
40140510
1332624776632930304
1014923097374420993
128845662
1494561085508096001
1309009564948484097
21344352
1100446607579975680
3388533430
31233936
3760647738
2886802364
1575061462199967744
906698838622310401
1107719629542023168
82126372
1573238975975694336
820292152634679301
1153883141620322305
1468989797838561283
1196677370310037504
15210670
1431780193933402115
1554465803822571522
3715953022
42578163
1291540258933399553
572035743
1156999618267402241
1580987698646757376
515430422
1568343099335753739
1562937792534941699
1577580606694768640
761925033010749440
11990542
1565591053930942464
1561063064304230400
869298198208294913
1430037911349649409
1348366390059798528
59298901
78614506
58474043
458072022
1525454568175423488
997472338802331649
570642975
927926479
745594240172965888
1320608800894783490
397562829
1572212536933507072
1539686622895169537
1568666629847801856
141468904
940791011688767488
317823133
36508688
2172642443
908992207473881090
62220263
2208783361
1567583186896490497
1579935020298510336
856566210493861888
1538501206045237251
170594517
1303663070787629058
15210087
1570344040742227970
4894430746
370802466
3219199525
1467636900047597568
1689278881
708857505242324994
1359066200559542272
1245986749903507456
102854380
1491028531954036738
974314016758644738
916055328227196933
1557833788503330820
1130843810378838016
924580335999954944
74338116
771973217057669120
130751206
1568103211021795328
1566645764041965568
1666071427
1498973655690317824
1403235976005124102
1562909380525244416
4672954993
2216590275
1463702037443530752
1370699228268220417
2865081626
188957898
1363253143082065924
19478114
415593889
1570851715712258048
1574798154159259648
1089658243595546624
169033933
1567739791260753921
1430808265038864386
1547564077563596806
1492384530430590981
1461647829588398080
76154223
28508933
1567170139036033024
1161878148
292779616
321088056
1258081
92551470
303545389
904753655169110016
1112992034909048832
1303731655857840136
165471610
130171782
803777147106004992
1450314482329079809
1129274497
1146362288590315522
389805236
1372547977022164992
294740258
21621749
1377309891795243009
1172000479
1398358817746952198
1236034905517236226
1547660756375654401
1586453253843083264
326051822
122045393
899697067953541124
1587617128471052288
1567857742022606851
1238972077392027648
440243841
1483573760
1568938010204409856
283165388
226242119
1299961459330494465
1283660808094912513
1012074163761278976
1326867112665763842
1563259174498496518
777587968454393857
1364579201366462466
1557980520675418112
85779574
788411915227672584
1664494951
695700520921645056
1238063258856230912
2349677066
1544503847405568005
1570847580598288396
996017079106113536
1547491869105479680
38471871
58480453
1059783960786419712
1558146670969425923
1344066702171123712
1558516919011086338
2170439702
42405093
807405552
1459880947243913222
1044909488195526656
1313575572866576384
899049084362817537
902129081369731073
1531223605207605248
1123089168
784774920
1484451030246977536
1335637139703390211
1384153489849290763
1548642744788291588
912934365616685057
1276470512630235136
20063260
1566478411991859201
1584176894215430144
1014037686007549952
746314498055770112
4848604635
163064383
1545243851413127168
1568849981259321345
317970410
4795030442
1496717234492051458
231186314
1961174149
1450838370528251915
4222764498
1560850450454560769
1526513276129103873
1581371954786877440
335348201
906293248137801730
758291170300682240
798914600683143169
360963964
1582578701379985411
1567680234278756352
1582081756408459264
1531303999034785797
14856162
1562183562610167808
913494466568359937
1569315187638898688
1539304136356904964
1256626643998826497
1477739891878350848
1368341394390147073
1017816919980769280
964070444256104448
959799162060632064
1289283268349759489
1107831134015098881
1488434676435988480
1563535319235932161
52456690
1552600504697425920
1568127087013433345
1467395218022404097
1564928150890487808
1048777589832134656
117353779
1012701378035224576
85241919
1567403475767631872
1293221237015998464
1558887306433630210
24140869
1098317288325824513
1274148629800943617
904717112366833667
1571068059367997442
1198470748341325824
21056604
1487404900791336961
1547814400710418434
1232976078601433088
14135414
1502594184469184516
1569181878468644864
1565379286554628098
930514094096044033
1381670916074172420
1576974688705732610
1251271084726337536
1134702467722219520
1548469651734114304
1561373049986875392
1548411050789179398
1120744731888295936
1490341293469446144
319669294
948738662111547395
880614476822835200
39507991
1023871429740249089
4807332441
1529032139605708801
786789037214359553
1002632122279055361
1573307298868592646
1559283138093793282
1539675608686268416
3065897688
1587830795883974659
1556234050339311616
1271445545526099968
1560473047588638725
1521060875234426880
1587884969677946881
7047022
517695219
760681822191771648
1149511770274320386
14227779
1557092127464734725
898836028181630976
1588672357472047104
2647051434
1568686423477288967
1541029866455404546
816794873357619200
1570434864855371778
1571147525352001549
1270184728495153152
1305266415285436417
1149347018
990575072438976513
1359213469371928583
1286736993230237696
1378669016563154951
145804807
1536094297581400069
1466923969718611968
1417865982337507331
3297541163
1260455757419630592
2355198487
1547060214435807232
1531836131834138624
262495703
1567804151639248896
1573739256073392128
3431717811
1569521743991304193
56884848
824070649073188865
144605149
1565035312560193536
832619903320350722
1587033088110088195
121229921
45849828
189157791
934439762668204039
1064678389146103808
2243197622
1048235679329804289
940683653109243904
1261979437
141543623
4216061309
751022828066074624
972026253439094784
1570304776717635585
1409012831597613064
719098026434945025
1571016287224041472
298669420
893340990072684545
4217115101
1585817411378462720
4361928854
189658093
1337106344604704773
1207888909981454337
1577757611683991553
309676386
1567947226252451846
758663394018922496
1497586922817945600
22815295
967107180955602944
59861515
1583261109867499520
1583499648
1566864296826519556
1568336709150216192
2984617096
930952004557352967
1562116622730788864
17563215
1557062012651307008
1569660495866785792
95712780
1524242573749284864
1564138030167982081
1326899788709814272
1507260325304975367
3189885294
1568780717701869569
1536097840967082029
1580525159550636032
706779006755053568
896748735023198208
2468041826
1288074784656388096
1565007865819062272
1565186378853257216
1389345096437469185
1204955626385764353
1548419485194891266
741666123758768128
1569459064123564032
1373664574810025992
1511601746539278337
1569100210562801670
1588256950550159361
1570305472066097153
1565125777238147074
19270250
1569810081038086144
1564927838360403970
41318806
483007498
1549370687009202176
1292502741902749696
1310423968407412738
233514314
871368961711104000
1084034203908476928
1346123278365171717
1365757079605055491
60173191
46706765
37372008
988055712830930944
1298574472580984832
1580036245023227904
1894208851
1537863192591802368
993796055803183104
37819073
1250611227832827904
1569599171170279424
142792003
1213416988199899136
714268968916090880
4304801133
1369934551565402116
475371619
1568746580643291137
4083617483
715810328
1267733944264355847
2997029403
1568769032328806400
1457473173755211779
1536275217202520065
1583452254593589250
1541008231451033600
3003586137
786573137915719680
1464795342977830912
1215408369735028737
22516489
62118461
2973948443
915561819196018688
1446427652139765777
455931162
1402038891784245248
4379563153
1472892680174596096
1466745076617515010
1569817243588120576
932110487742947328
1152857871194845184
1394441232768712709
268845335
1131089006278529024
1567946755190439938
1280738015300579328
998399070631690240
259102704
3297468684
1487630970769473540
1567666583061037056
1494277282218786817
1429823016800854016
1569677371313389568
1474194739767365632
1467911824595046400
952990537975508992
1462631662030786560
1928841116
1225887657156370432
1584689632515657728
1402329158269562880
1393575383090352134
1316009342735392773
764578813682606080
1551414425281826816
867789391019876352
1544619556945252352
1573357594898579456
1486729419313926145
975350532444340224
183223458
737285210908336128
27015055
1549972789490520064
945999356
1267590569959854080
1497230595889537028
859798445024063488
743929442
3130567797
884472116095188992
1561692309871280128
123893152
184850741
72854274
1569718617205542913
1530147772858507264
36061698
940798569933656066
1546975219306356736
1551496875211214848
1565588045038063617
1302987492963090434
1271780799327559682
20721183
1576329740717535232
1043214415569608704
160483591
46631685
1535977586135801856
94817422
1053403147807440898
701497999650906113
1534657105327710211
1525282760167936001
4523724075
957998440289464321
1696506385
14832903
565457647
2694672299
1866180266
1565082207407980545
702937170835853312
1551243157525889026
1673948077
1551093189347405824
786821406
1566234072988409856
1549434088490209281
1538603896091852805
1570279523907960832
1559180611935404033
1408656343280406537
163023084
1568023587617128450
1442657232232108040
17813531
889178815985070081
1430461325822423044
501807742
84094255
803847552
1570272297638064129
1567149099501383686
20199173
2174468454
1557773281972871168
1475405211321524224
330509179
546313843
86805649
1172183759380197377
326236913
1558989367804190721
955044956992933888
1035119576890130433
988783406203981825
1580520559733084166
1303439554448429056
724037456
1168043884246515712
623513599
1488809113530347520
1639157132
1111666384759603201
1581090686681612289
1577806087004323843
1568747287135883265
228381057
963057454618759168
14461963
1565167708995551232
998821515863838720
25824959
1175411996197441538
272736824
2471360130
1547628438164410368
1565268007148036096
1565452171109343232
611740424
39851007
1552430489444569088
377828264
243801401
1120551802171215872
138349421
1365897975403175939
1573641855639715841
1567095749875302409
1574324318325964800
2415478665
810739006401105920
15809699
1527209352980885505
1201384152429449217
788389053347528704
1426672263034773504
1565263738697297920
1323257534401155072
855947313713381378
818835826624774144
767242861511184384
746783
16645230
59560375
102823573
1439673392941125637
612818612
55643166
2542779969
14078612
57945768
168968812
972265039863394305
15660796
1557473965672919040
2194338084
542948355
1567551825913720832
1011791371
449592728
15325606
95614697
946625744205156352
922117119516598274
1456235718460723204
161875453
1567476180990951429
1566963529831354374
1006892434830135299
1559525430729768960
228686453
1564728671440707584
1951843219
17899712
53626996
1569253020436758529
1466115760183549955
15254107
1573326003299983360
1518962349633331201
1247395193680257026
69191250
1569239986804871168
1508939031819833356
1564155723373854722
125859276
1558342586862948353
825597837895462912
846645775153147904
47893228
1564705469578485762
107674524
28629996
35103735
3334751105
3345651075
1580809768192643072
255500202
2240518910
950730596623507456
1572600697392095237
1534557716877828098
1218587896644431872
1055929604450537473
1013783373733654528
222185736
1561670623272763392
1462989276900122624
793962806554963968
848375706878963712
493060248
132065999
1034844516363247618
2496872101
1557313373183782913
915871843403419649
775530524265906180
1497823499112435716
1445269538904412162
748658783199580160
1572625215586197504
1575229381534191616
1553387135641739271
395455314
1493418619988058114
1181218312530870274
2252227842
495032753
581524719
1557743009416216576
129222949
1463871572012380163
2197573089
913439353891954688
1333341344329330693
16552103
837733176
114668056
1425780219730792449
1574449872392130561
11877272
1519564140372795393
1571436539242070017
3679178594
1570182835373506560
1541019553857159168
1563360586876211200
1568264226749444098
1068390524
1567131478181437442
1448282072469098498
1353960042031009792
1207766804204048385
1568447768938553346
1211120521053536257
973251239088742400
119186125
334238923
1579095126709870592
59721560
1564562543552917506
1531246626324504576
1541163871372980224
1090069167007559680
1399470361272492038
1116235196
716232533818605568
1490904502421106691
1561983972107816961
1327543229487730689
2798120942
1476169172241432581
369777228
1580311682013872128
1371481316257116161
1500778156512673793
1554929334540029957
1569962509179682816
1470102279525122049
43871286
1574637648190111744
1502746955876864010
1360261678676520960
1370437890371510272
454409303
1228826600549957633
1571902238238310401
1573202899404029952
38306887
3072712552
525429842
2716414825
733712452525907968
120264235
313199716
1028747093379346437
1586118734535659520
889577569330352129
3131534429
1570347219907219458
4384604483
370538243
1478411435260760073
1356181896716292103
379209090
1488140902631714821
1565232050118004736
1207689506
1557889863818543106
1439947621464936454
1468882522528378882
1370141489045647363
2846590432
1660654267
18182448
293044595
1548279367146516482
1583426439038308353
1578666030435651584
409598466
733375141707689984
1572323156223721473
1576720000513089538
4482891201
1108534460905971712
1385985243245600777
1144455374847614977
1963037281
891037885247492096
522175776
710245026455031808
793379479196430336
1502671545336057856
41568286
293016031
1565455337670512641
993292316151463936
1569088227117506561
170333571
1574360007650451459
1279065876990275584
1573271871642079233
816835808
1573148795906379776
1274386726731956225
952974243679162371
258311799
1295446621400965121
1879664396
1178644939065851906
91343640
973292129572278272
2298345522
1207038104890224642
1539679235190693894
1531540414179819522
1415544703940845578
18374652
1491153285599797248
1465260706492821508
4438617492
209774084
331092566
2340226825
1330944414466838529
1245601373850226694
1230831481976737792
1364409688683593729
3186961407
1001473676812865536
47227817
1579972625199239170
122656958
1511068870110498821
1480959169301598210
1586785918484029441
1294967512308649984
1387717590311657474
92017095
1041703744323301377
1559567315154485250
1456588816316239874
865062192139223040
884311883255361536
1537381795318366208
1563586861171625984
1296283965527973890
1160465949599776769
735229742
876282772691705856
2563372862
969532341826793472
15834716
1558623621022732288
757704444
1006280754085679106
499265359
1521637682736242688
2692318748
1488604197675147270
78924512
917023471699464192
489811855
1475900349588422658
773909740300693505
1105554050911735812
1565334764416278530
1582575372339740673
1102620145565032452
1575124601071456258
1572209821637656576
130875831
3436455771
56081519
1573936145645260800
943363549035872256
1569064333123936259
1577016518243647496
1610201682
1087036102089818113
818263846536249350
180489185
1554869982990934016
2550233653
725056575325478914
967078610887725057
1333775360719269888
979720800616853504
1350694027394314241
1268724298249834496
39156592
1302720455112097794
1482310158164410371
1431356367223279617
1299485204571189249
1585707397124919304
35212064
821295553619185664
1531756266045026304
862301661200560128
1565788691397763074
747805010897993729
909339818978631680
918855051350872064
1603303190
1139159223613448192
29236793
854358733027237889
1112030487319470080
1013311414822424576
1524139561240125443
160687361
1568183810197520385
1423611306884714497
1264245153126133762
1413888656587120644
2374236307
209146954
1558693959471226880
1289801360502792193
1287059746911027200
63774366
192625645
1389297641238974464
1270591723958202369
1287426273682378754
1495831686487154692
61422913
1144395870042914817
1474510630254170116
957851988175159298
15002619
1565297294626496513
1294333121807228928
1568481008793550849
1442871238683099146
1543972968195395589
925191831465480193
1061503129055768576
1551940219720679424
4422204376
17343167
1547912628642516998
777088544
1432083800654323718
1566597431504289794
1558818317351079938
1220847504557629441
1565723834615214085
1402130892307394562
4673989514
1569906802061369346
1553389171359760385
1246118622306631682
1558763622242795520
1570316541593358336
1330682457025376262
484403957
146354894
28772615
1566725039621275649
1579857496277241857
1408325337134485507
406137875
1540076396051038209
123495781
1308407070773989377
1490985408406056963
1453400521
1563076193897037825
1522673325092139009
1467712895781847047
1352902763609546760
1580324031559090178
1579393741227450369
1504601029580578818
595718904
1557486654218276866
2462345051
956762907475243010
1519967523369750533
3162073465
1479779328841986049
3584633117
18642138
1080085565016543233
1520677190731456512
1556836764093784064
977688419278172167
1573900405498675201
1425493647257128966
1553401042254958592
1545563141958139904
370911466
1558762562736758784
14854437
4898891926
232687367
341962421
1138384053391044608
19732776
275508605
1420856154020884481
190793331
2800387204
1002501803391508480
95211986
1167839853184258049
1567905854724395021
1551470253607030784
1567933270632841219
3691876996
1325213886014914562
1205393924862304256
323389066
1587936752920133635
1557923041686200321
1552695305719644161
1302062353283010562
18138592
1419816742197493763
1162403596434137088
1448018432201535489
1564381655141416960
78218761
1588677633730125826
1572426165197090816
29384627
856569914928312320
1540713499000995841
1370057803256193035
1569949207083028480
1536273371616378880
2172853556
2411267274
1297726710964617217
1558436115257909249
1428346901884141573
2960440083
705791049671774209
1067845717291606016
1512160871132372999
1552308035078553601
1244075296950796288
1568363904371146758
498246663
1560900541613473796
1245634449749864449
25376046
299518349
3884191094
982646127571779584
1462742621881733121
305928001
1213711807572926464
17223094
16403618
1502292279268192272
1388191401876332546
1539285017570033664
1578097436551221249
1424659369787019265
439143136
1580565467793457153
1697198498
771443224703594497
226137180
1577766509623054361
1400750725999730689
392477729
1255583358307966977
2156756172
3128787200
1431321324476055558
1569698837778026501
1485328482351693829
18912172
1555644404928778240
432818031
3440892914
274283791
1567725607257006080
1026865890804084736
1270402208341938176
1268037600260079617
1491258390563078148
1309528665361973249
2848908945
1544957306475266048
23204515
1566155411354525698
1529490545265057800
1499912667934437382
402286791
1531946168409800705
1440753277654630407
1561893313057554433
1571277408786849792
1287455458828210177
1579491001852432390
470510276
1548653346604589058
1564949494181294081
914684365149491200
609469656
1546809491034984449
1367788449760124928
571062475
1569973123851890689
24224194
4765950369
317398308
2892105047
1558104413088190466
1220259318727090176
1568576975039602689
1027001755379236864
1481624528010764289
1409984564764758016
1446369261195309079
1569828457630281728
1441344322184495106
15743578
900637589836902400
1016316932
1557646959342673921
1395194452243779590
1039464902556114945
1201698440234692608
1570260178670419969
1009745047
3001928540
1347263796147089408
1586428979698978817
1491148316725456900
1557752079917129728
1440374145041068037
1280579320830816256
1576045411369746432
17895928
1566235922894655489
1563296400192208897
1489641332683337728
1513964697355096066
1581075382803079168
16786811
1569683093560381442
1359362847415930881
1562514914131881984
3818305935
3163614836
1361312818037841922
1467414171495002112
1065034733350936576
1449268696963235842
1559644780979785728
1423241162295549954
900906921779240961
202989292
19412556
2284498400
101677215
2796017946
18387191
138784009
1563788337558671361
1318541583206256640
1283317241895743488
1048233433036517376
326808788
1558215027622027264
1399417784547774469
3261182958
1565999533179297792
1246416961816473605
894029418640809984
863325174095118337
1570921961844269056
1438735468279971847
84217732
1884946393
30517755
1566498483086848002
1566421846366494721
823650885230206976
1012977836087373824
27895551
1537586486165573633
1498348894249316353
1530892577649606663
1533734878348464128
22127209
1483387083897061376
1140209063013310464
302924453
1584683623051059201
1169248103842635781
918178277273022464
1568186855706836993
309238549
1565692885390991362
54988961
956154632899674112
1576458828958285824
1565331766508134401
1536754397644038145
1561835274203701250
1674095102
2326970358
1185303386939412481
1161326292890861568
1913783881
1193867924924239879
1314294999895412736
472946305
1569667685495242754
1121045043131879424
868493646676586496
1541518292770500608
1582350526368419841
348654806
1417112720772534277
1524035309528301569
1553868151019929611
1353151014707187712
1563070670149337088
1531240363297587204
2918615275
1565826926404685825
889336230122594305
1557108459950297088
1566557432821829633
1505054607961370626
1201350461539749889
1583770047738249216
1552791255805227008
895608659442401281
1258689812124635136
2664981614
1603483122
1575394816078364673
1564425908508917760
898468994436415490
1465964458589704193
1354408707279491074
1567197425479331840
896067096446205953
173990364
113381300
717350181876830208
1570433905035026432
1567724377155969024
1569657568922079237
1510387488707133441
1573728677900214273
1535030609030139939
1337204199067537409
1337366773
1523639070445817856
1566857262810931208
1570116647733559298
1435137298912329729
1267116040653361162
2178679596
1548958906667393024
186531036
781684591006449664
1559210285076213760
1173442150358347776
103125786
344515898
1557667585021227009
1453716352431054851
2913828406
1457794549485432838
1116038473872363520
1083395003840450566
1558465696601890816
900817568113594374
1567745472114364416
1565123369036664832
821395630245416960
1102921888320372737
1469519394422370305
78595833
1506284676780109826
1255964045477371904
529255051
1107234780981198850
1584018927839252486
1518870220793864193
1567540380349890562
1524772641399361536
560104223
278520659
75742264
402779084
1337079946720645122
1574464077962907670
1563673190055809024
3303170203
1012587728809021440
1570125537829593089
1565067870295539718
1564347371030564867
947907362983235584
1558960928619732996
1382835923260383233
1187794889083367424
1568408857847930880
9589182
256629085
851582400635252737
123710016
1529538845775208448
1530618747442057218
868538540782735360
1542963100378284034
64118098
1490790969326903305
1380510700620017665
1580145121764548609
708155383148204032
21636110
1539308877816025089
1436356607403859970
554532173
1461313996812808192
742616874702229504
1582073867262214147
1565765078699343873
31086171
825667662403497984
1583659088642293763
1267340065744789504
1440439316300267532
1440664958555996166
1565646963260923906
1460125349258301440
2817838039
1567542931271319552
1550535941185761280
1492268661415071745
1262756703805665295
78129180
1520860786167812096
1056418447666536449
1342293654682050560
1449407925844279301
1567249273850413059
773127097028055040
1565619841041842178
1319874024936148995
1582438423809429511
2488269589
1567359159128956932
1572551804126400514
898607487028531204
1569476455972900865
1262524591857115136
15818722
237531861
1541313689667747841
1102934418
90863805
959146709728317440
801431281678618624
584007255
804755302335778816
1113429456704688128
3245993463
1389280118686687239
1574046115607056395
1357060880672899076
1520921017081909250
264830478
1095449637538926592
34044832
36132121
300135819
930561332134449152
216454526
1438989553512194051
20001109
1497952611248615426
1318420288950824960
525603739
1510709614521856000
1557865574964682752
1182728939929853954
2370410496
14625837
633651985
3539243539
1587624095310569472
1245840015965302784
1549058729034715137
104805053
1473982724742565889
1152193478924914688
1384105998156107782
1487677599019057157
3350948878
1398355242
1562105399632953345
54623261
19730203
1540103461961961473
291676299
764279043143282688
1558603656043323394
1217418504972001282
1500360728368201729
1207038070450720769
1221877178511634433
1564226239279374337
1559298344815566849
210153565
398734866
2920755294
1586077780881678336
931980196030402560
137733263
140039573
1558061440757649408
1577651387059642368
1319713118872850433
1563903732819058688
18355910
1588812680013422593
1387038770097053707
3165109264
32455186
1563043354413506561
1229549611485888513
1562799563534057472
1580545313558777856
1126579849567535104
820025704616062976
1567584376585609216
1580615274352545794
1460760692080918528
1563712456551059458
4923207831
989197825064882177
1519999134153179137
22089559
985846607085260800
1043069201534119937
812305651
1355275047787757570
1569538559992004608
1467318910819078146
21218032
1017991606702624768
960600617784836098
1507396657289527296
326060460
1574810143468011521
68984002
5120691
1419133977848291330
129259675
1426434586163122179
2251698584
256408868
899712420066676736
843137452005113857
1297662710377787400
1073898994605146114
1567714584169172992
19578450
915601405821546498
1403325870568312835
1568521144508219392
14820511
577426516
1468857374358360067
1264433760
1581767591323893770
1564710373038620677
1126242311636172803
909550465381257218
1572136365017399296
1351512378790146050
93933942
1454867305951793160
1493711283304157191
902556763198812160
1400994245675257859
1196487354783023105
1412614438100873216
1401599140933603330
1578438179165802497
1524337709543833600
1490706972949184517
4151171824
7340612
1522045694076682240
1569596393635065858
1138836903002812416
19058179
1588874176982810625
910031066806804480
1533568843074912256
1359109213671346176
1201757424329379841
1559132614245875714
1564305807096877057
1291668742586470400
737652069310418944
832218563964444672
1568822714588368897
33440378
3413623834
1353724026108190723
1373977817411694595
1494887218351153155
1174969759374307328
1522264611868876813
722823338
1573341287847165953
1560331525471801345
1586808041185361924
203269288
1565331562941407232
1492569749884227592
1556150139760398336
1415633583004397571
1493156328289751040
1558609527729184768
1561780691691503617
1569670651992227840
2824354976
25786908
35632234
870825196130889730
1329358772704325633
1582769246546837504
1409680635573248002
1510845544322994176
931179169504989185
1540232600509620224
1559239996477157376
1588413359229214720
18387158
1131651435265966080
1494612402041724945
1586692007564644352
4318883057
1954655228
24204193
849587273742024705
1581956721320263682
47265307
14590971
860906656867201027
1563800127252615168
1258240466773880832
1557817676520636417
1172581360780939264
1361009552938971137
95263650
1403662696889810948
1500448164821839872
1533247187873824769
2993702526
901814536004448256
1570171843696525312
1023174708
1563831815357579272
3003802323
1548124846306955264
713141193
1917352668
1473769180751089669
17454755
15672847
220786533
1397633703455596552
33048859
1567124565771587584
1566932896036044800
832488947468996608
177468843
1539387370755313670
3309229559
760744157539397632
1587237286143578113
910630680245293064
1146691741849980928
1006096928533352449
1553152245855916035
566223958
17644720
2899945690
14516386
45925982
1545965159260340230
817367581904474113
1481099172816248834
274374700
1568632626482921473
898183950920814592
2948281519
42193605
94809228
2220065664
137920231
1542451067341967360
1393853715891818498
765750458807836672
1345096890958950400
1324248593776037888
85338041
53655509
862231373725147137
1538615266720256000
865508694783479809
2960604868
1587829778433949697
981963925121110016
2457248239
714078349090430976
1447173200916451330
949924133936291840
1379831829029527553
1587349970801377281
18375466
1530548513209188354
1467105824732450817
1449811105044475907
1514567858956562436
1068871161822482432
1566437077834612736
111366242
1564635208086863872
86595492
66422283
1428455129083166720
1380553905226964992
1488091150116212738
1372132990848016385
1373366384076406784
1547988891604463616
482605939
4847042475
1433767343297994752
398770986
1527747801844797444
1411541627206729739
715071100502282240
1564370397491040258
1533935572816908290
827685914348433408
278090539
907559019719614465
15812530
148105880
1579543642796064798
1067222170429005824
1325153680639717379
1468583015622365184
1506585616607166469
253356373
1583719106649657344
2265745836
1568116122481840130
1497321711167021066
1578951561203564544
1359973121143545858
1565113389378146305
162752243
1546455282951135232
1031461956002111489
1239755367438938113
1492967027220361225
205396926
56986684
742594017184129024
1221830136741466112
1542024308822020097
394878695
246510715
1484220905215913984
2743894410
336654200
3142434513
733937616
1418500954819805188
2758681690
1569432427617218561
1567774342779396097
1557257617755471873
1567473577468772352
422832653
1568234842734608385
1580553311534448642
1576493668273266690
1564239137057542144
1586486680458084353
1562499961480040450
911317147384713216
2912879506
805783441954500608
1636082563
1262393660752232448
4521572603
1588122856428560384
1560254868098785280
479666270
16696786
768414978927841280
1503421065103560707
1407285679806042113
1564840694769917953
1532632176642387968
1566165803170422785
1442941769461628929
1568640750572945410
1456406167442264072
1570038504704311299
32334401
303138851
1566962628831895552
1288041456691806208
29965151
158188173
52497540
1503384378667319299
1580785252401926144
704547745
1405027303164366850
1575453951755014145
1580719596721475585
2434200025
1542664241089581056
709700056899842048
1071094979945127937
1323489589231759360
1558929294176526336
1209198732086071296
1557596722351595520
1529182152793161729
17079046
1559208123080278016
1569340885808156674
2280698936
221010548
37884453
1492506030185582593
955013768177577984
1579172947847221249
3503402956
3341956413
1299125506823139335
1476106859778314241
1224944558041190400
1050714513614524418
232818538
166603584
881954783271165952
1183082747633569792
1578014013874896897
1576101405101764608
1243848032371658752
108263288
21951307
1575088847720939523
174387004
1011726627406057473
1346479764559679490
1486335547853479936
1302950685424582656
40454242
1551877028265316352
58499765
958807016520192008
4862625906
1565718039915626498
97453777
2208669422
1575170006513381376
1377544515066724352
951252244590084096
906262845851017216
1578109456008810518
1504066371952562183
1574920887815512066
1563443951142842369
1519741830501388288
1362483586402643969
2781128137
2306063455
19912819
1488106285530816513
3589034954
1291074619403898880
1526087631280513027
1577747188171538435
1569149255440539648
4901860751
1533683600050515968
1400966384901931011
1470208120559439876
893200041304883200
859846094905237504
1565945084347969536
1330718603268636674
1583551002489266178
1197652352901271554
631926482
1214747042574147585
50261642
1190509182883106817
1968041581
1349393122216849414
1344714098018279425
848029292
332052009
1409951876
752829392179585025
2247743485
4614126553
1537926380
19722699
984752324395655168
42463470
1371149104525451267
2954894920
1566913638144872448
1257726337462276096
1025493259
1366438218971942917
1549436597665505283
1466590677035368452
1574671206904651777
1540988139845685249
1516257644746522629
3312419024
1549005801423097857
28254911
1536381205368668161
1382673038408253442
15597583
1014209907036286976
1372917674024574981
1548678061855363073
1581130555147825152
1278775388022484999
1565285174694354947
2523317676
1569345978922323969
2722778634
1397963559900835842
1441667032924127237
233486127
1460244882145124354
1562602810377547776
1232995631632961536
88135678
1475421697872326658
1179825184074817536
110204848
1575406832926990336
1311028750583304193
1574649199810859009
197338005
1549693443835777024
2700662329
15069237
600253294
1581299675260403714
1335200939808968705
1256655628174409731
15161315
1430405816092446720
1534632048673046529
1561805899945082882
1553381648300916738
288376816
835557109592829952
1539370647155101702
1381682775980396545
735343773421572096
180309612
1497723435438514180
1565455176957366275
1556706957775540224
2545319242
1568572796850028546
1554625736098648064
1533130746147311616
740836184532881408
1496304766506442758
756155948864077826
866634653792440321
1035082285811261440
1012299223864233984
1370181526567202824
1249809600246730754
1396117075807121409
1545175699799023616
914313428260478976
1547877198647898112
149854840
2169077263
3667784955
1569179818616590336
1368624662486212610
1585574520168906752
101100917
1565343207147581441
1458406926493134850
1564288277079011328
2903117445
1503464304611557376
1566539959468687363
1454418179732692996
19089884
293130391
1291832564102172678
1348714055196880898
1525912757182287877
1060822938524508160
1425128474801410050
2669407976
1008831630021218304
133307843
1481583943333916677
1077460706868453376
1494406650656182273
1043043673934581760
1295999143207481350
13097082
1247057534659080193
3013771670
1057828684374011904
1520668031298510848
1061262549210009600
1485514540838449157
17412554
1565659150499078145
1324165219
1586146183243862016
1548872129571069953
1579976230560047104
1562913788344471552
1586652793963794433
48829726
4821274371
1192661922291703808
737648140539551745
1546308440351330304
1307815018205982726
213551527
270197253
840163494724952064
2594805326
600334327
1330201150302416899
1570163311014019076
1579944978993893377
1057633654904504321
267711120
193030139
1466815699075190792
1401485165923344386
17327331
1262030139707269120
1521225850347216898
1506186296678445061
364314790
794180490613780481
817977
1198947065675550722
1581854442911301632
1499325070845620227
1552771473403793408
1518976315076055040
3094958964
1565969636096888835
14223899
159119602
1089047675742314496
1567916650149584898
1318744433521840128
1567542698948853760
1570380746195406848
778606557609066496
1309176028527570945
1014661860
3607104796
1549988272092639232
2776318674
1415134317110468610
1569573216049590272
1474277742061371393
1502633274010652674
1036127952621076481
703339875454619648
524957565
1557903236795109377
150828530
1558129552639283201
296328854
1224239831032770561
1526927389606830080
1567386810199965697
1031613680
810457422166970368
1558094679232729090
359188534
1526129453168005121
1450714989526847490
1521779752738168839
1503389375257849858
233894689
16664232
1400830495995273222
636164822
602790733
1291659953887993856
1184980683703365638
949191231392927744
4408519114
1153315649902563328
1517108417764024321
1557681537939808256
1006992427343908864
956359931195772928
1548565220028809216
1472408389699342339
195633470
1055507230391443456
55439137
1555256846327451648
1331867529988501505
1426928227822538758
557699048
1264191436016291847
1568053156206067713
1522187986204786689
1154530394831773697
1539847526677106689
1521550460473294848
1569224627670622209
177638064
3312943145
1471011353263427586
1552312539970785280
1186710866777067520
1324553527281307649
2642991726
1434005808140861444
1431646644970348550
1563294427220549633
3189569837
1489172379830226946
1569329176846692353
807801214687645696
1566063846376325121
805055127111499776
1584908865057030144
1444268654137253892
59862199
75782617
1577550805200211969
1585661019011141633
807086249143988224
281641524
478872415
797844407940775936
1563194902657134593
1568585140460310530
774369351709306881
1561630943315578880
1444871334455087110
1419656273717469188
1224321890
1394723595197243401
702271447679393793
1476073797593620481
1565005766972657668
829419468958924807
1580550512121880577
1149243244410286080
959155193584799744
1578361709424697345
87208398
1509808001628053506
911303237214412800
1565335737804812290
1447273151365324803
3162557490
1744621
495209361
13657252
1410858102463733762
864283367344283648
1540165489887961089
1058021235530043392
1507082892131946508
438012495
914741112
1067941516050661376
1585455754382921728
749616312524103680
921217168837984256
1573169374764097536
1573575101676650496
718159841647140865
1587067606581841923
38800254
19327921
2626792653
1552304992031227904
1237507274832326657
4873162708
463859781
1567906045690843136
107167601
1567817168787750914
75270099
516696943
1588043091570823168
1400942103371386884
1567836021076762627
407586119
261151458
587616004
313160380
909790752288444417
1052692201086566401
24152993
1568637484816367621
951317249314443264
1542956145328939008
6162092
1569640662114648065
1045049530754822144
1288176173466308609
935467419925086208
1358891724534288388
17702451
154910984
1378030866513993732
169272033
33762124
1385942084884983811
1564243938759827456
265422685
166337874
206527454
1538047585407094784
1057779409346797569
1573273430723416064
1577971388622798849
1570136654559514624
52735496
3346073525
1131301050676326402
1547310439029252098
1551396390521151488
139104617
1570390157232144387
114508337
255185624
1560174686
1177362962975219713
1351133310
458250568
1535320358953226240
1291030470650728449
1569010508216553473
775378886196662272
33812571
213801168
1565373563670241281
1445065029577969670
4333190302
1397257875286855681
1364365892382035969
1498179407764197377
1548863727155302401
1584142034574647297
916681351247613954
1522985642048856066
967743730298929156
2780531526
1548851389346070528
16614690
58856722
1273044374067142656
1544317653036171265
1569023256048320513
1441441924129325067
3153680392
1572879612153319426
182830724
552694939
2401773961
906812300698451968
1434255128924762114
23960108
758698214509936640
60263361
1539794935389765632
2653940922
1558110006293118976
3433978157
1562084976241172480
1342887758302425089
1236709389794500608
1640929196
754737724213506052
1512302407467913218
1509663819387314176
1548129523320836101
1455590705284456454
47845409
1931960364
874684475480969216
1553415906323316737
1371848542067814404
1569898151980728321
2605841580
1254408344128765952
1586390423458693121
4053306153
1266281
4736956941
1230136416094629889
977261234025312257
736940691448725504
1481248851499659268
1070729457063878657
839338759330152453
16000146
615368822
1454029343496175619
1484565984467996675
1197525128
865691604
22739424
746471521
455498905
1465600105696968707
1026614940583358464
15874838
1563249824610537474
1311876782199656454
114202499
1572833334073475080
1543964708834779137
2369679380
1562490896767385602
1579751965893992449
1471724933856256003
1465645020
1537733271240458242
2320481186
2839468210
1513893522096930816
1427822017282297861
1486007079659880452
1143514138586411009
83311780
1502900584772423681
1395035435659784195
1565361450511732739
75090159
2911398386
1564579963956826113
1583123199403126790
619395861
1520883555219517440
1466104699480952833
1547072497438302208
1377367072263430145
1508712752260710401
2902032688
1490746866820161548
1242752946590318594
1318426209164816384
61594622
868925036
905530314
1568271018317484033
837106447431299072
1367055732122783752
293594568
1569606097060888576
394155455
719898464092610560
1569060547160678403
1570745668360175617
1350726788465438721
359293094
1557409438465679365
32707849
1570441575930466304
769919841474150404
890776822631223296
1468281741727174656
1544858445228265472
1575539914946801665
1497691454679891970
1568434248813518848
925325603301199872
1490675243425439751
1572553907737399301
175176750
226559285
1523064457819303937
344742420
936534802945019907
728441661429141505
744164259953664000
1561469182641934342
1484067150218539011
1565301112533663751
1515879858102206468
149982135
1535233230152007681
20822264
1582723999825625088
1250245476
1541457799711973378
1585717603162624006
33057154
1548862742769139712
969768171757555717
1033982968837152768
1119202751718645760
1290781298764722182
1553421493052362753
1402904295922622466
1567956224330854401
1557706247373131776
1169661087752577024
779281448255750144
1529162127180693504
2425159711
779677825683058688
6614422
1216744472618422273
1397616321383239686
1431949201399767042
1584690159185969153
1106530268876365825
1293872255068442624
1058994390155386880
3941351055
1592441898
334644177
1385648762882707458
1565027728482615297
1384588977802555396
44346111
3529252753
37684517
1120677953061310465
2174641152
2895901675
1558936288425918467
2355181
753960437637578752
1542445650612260870
1070138667639828480
1150827652279750656
1302413341554606080
979212105533440000
980996172860051456
1038294243780055040
1586917788936986626
1584342091949293568
1188793872
5177421
3460288396
1176832321976246273
1318108381962436608
1105486525205110784
110680201
1559703248726097921
1358082124897607680
1357551434330374144
117063078
1544282886504849409
1569238761359253504
1580514454487371776
1567195501992505345
3172611624
561152994
1124170005715636224
18111493
144990407
383791535
1493605734474469381
1481235529899581441
944874465774657536
27453762
59602483
1473189690211590145
404779944
2976398873
33958093
416378712
1565329839217070080
1566465344268812288
1221408601371078656
1449836947732566017
1439454668841619470
1426179569434906626
69688234
1323798491731161089
1566019908709650432
1331143931661221889
1552337365091450882
708360211770294272
1007720635496386560
254191825
1567425691578155008
1571349430082895874
962416765438451717
14673782
857294685999464449
1548630009124126720
1547799864297152513
900528073866526721
159368103
334636713
1553152738946588673
726535808891523073
1488537758545190918
1580950128269365249
1588761836723310592
881678932440993792
225436727
1276848277330239489
1507553227893620741
1382290128769581059
1569194834774364167
17722397
703508360340103168
2699200404
1330243068679892992
1558903591875788800
1534618736178696192
17890544
1487712470936530945
726345236201541632
1551967940299218945
347113517
1548466409490956288
1192125652889145346
1274542276610490375
15465727
1583056689863036928
1324256902629437445
207746229
64674896
1569037452559491077
1573752724063391745
91551898
721373072046059525
114646096
1566815336577515521
1479232735
598806702
2553201139
704983804298072064
949490209665658880
1528734921761640448
1537881623156338693
3086950408
721960733290803200
1540294206
1559023667971244038
1557288224409657344
1349839067681325056
1483659698012246000
1394700283213664257
1392245341496352768
1569042493152366595
1579351345286594561
1130245905553207296
1298259253224849412
1327991456
17355865
74129471
1287318924690894848
293629491
2731905969
13348
1310667326979702787
1568479561851043840
1508006907675824131
1529889375307563008
1575217961941467144
1350279473485107202
1568557522507952128
125341725
1393227694645600268
1488294022057631744
4058383745
376147895
1582470050006683656
4350795815
38436939
1550462449933058054
1329353419207835648
968560412080918528
1202123764567363584
6398522
744580640352382976
1524838159980580864
1558273509431951360
1420902609641086978
14958981
1580975537257857025
1282766375401009158
1562115518408032257
1538387325763338240
1564408868641198081
106828762
257120763
57737064
1161276856680816642
737378196849623040
171216300
1563289581981552640
57908856
1503351875936321537
1567166783739596805
247493811
1563749896871903233
1540023682441043968
1558031069969932288
985629395816558593
100761046
20187378
1190892485758738432
489371892
76716134
4263007693
1460603737450291200
152486170
53940708
1053616003647791109
1455559643284099073
1389972631646994434
1270027674287628290
1569785849390444545
1127785934680985600
1568226710792855552
2837549104
1500844914397319168
893459513252118532
1042154937931706369
932646043
1576934118281052161
28265794
808671407710289920
1341138420668780545
34100666
1098705812673900544
14906364
1397135867249152000
20256371
1567505861177655300
1046702322
14065040
1558754578849533952
1549998899838222336
2252252498
249381763
860131436514336768
1568615709646921737
1284784351452987392
107644537
779287032728260608
933388849
1341568691561848832
63982619
1588049646051823618
1581940723078889472
1475251089083715591
1539421832738054144
1568282490036523008
991124440577536001
1204177037713379329
1567169854075211777
1508815918033481736
16295669
829356831155818496
1567256910998429699
1563530259013636097
907232240442245121
745322231698448384
47306692
1117573676805906433
2269824594
1024961215418773504
846508757148422144
1489163810627858432
1488541000146591747
1494051686205247490
90909433
1560237718114029569
1405131201807937546
1248352624564469762
169964955
1560860683037683712
1294782617481609219
1567145222274011138
3301771043
1180106634141589504
962103188391452673
3236166080
909798094275047430
1115989066900824065
1570472557803114497
1507830197546012678
121643043
1585779037514989570
958040221806931972
1456569573982052360
1569782805424652288
202634160
58424630
370743511
1566330612776112128
702155769236602880
1534590397535555584
1568589326707036161
846014785246367745
892191966888374276
569944453
976453331228004352
12109132
1587450081392750592
1084459689063133184
758420112
342036262
1177586256076840960
948624589344555008
360032494
2832257732
754675910
3226389963
799327690625085441
901790752962957312
128939123
735115007399170050
48072153
2231374259
1037316174428753920
1583507203721498624
1466690440292405251
3322167457
1152864039082582016
1568218899556220929
1553361379133980679
85220777
4018888580
39893038
1514019559392649225
1457545513314578440
1343209453550587905
1540802237181485058
78855945
1510411580
1356327936354349064
1164529872502427653
1511718713158172673
1244709229
855837339620265984
2548798705
1574643122704883717
1263094692012527621
1568529108304281602
993902490591617024
117313119
315956107
354814463
3372456995
1483466871001255941
1299070036972371968
3223478132
3261192877
19769002
17703587
1549508136842670080
1564340730990149635
1727877188
106241158
221872072
998852703097892864
1566333691319697408
1569954138523422722
1557533979850559488
15110240
1375280229153841159
1064768016364167168
902805808102031363
970246445709209601
819799113478729728
1570900121105141761
1374609797052436482
87806477
1428657961904246788
26727113
1567207429053779969
1570742460904603650
2611345999
1546439930628407296
1466082704592625669
1542610722990989313
45955892
890041096482508808
1092438158942355457
950353668380987392
1516856279377010692
1016925398
1584211944973955074
1289724546816319488
896804626791530496
18758036
1557398582411526146
705539763349164032
3317126623
804765396054077440
1442954135813378051
1159845431817330694
19670198
16480934
1553428517764866049
82831549
1290100380127436800
916225887250604032
234491737
1270274697041793025
24539111
1575015088368615424
1488026393762230272
1375316669292109825
2978677919
252741131
1564221058814824450
1568867223435112448
1584789133074890756
1429846484
1093235247968411648
1570083710929719296
1584586187116781570
1548169136907309057
1575034168941023233
373267908
1483108258529357832
1393716388037021698
229781632
1564704639433547776
1419310148611305473
1266014970
1543898418191417345
101876148
1539672160775688192
2882331277
350196627
1506809233668546562
1568251101409079298
1542352347480969216
16163627
1584439758196989952
2249228971
1488842526115172355
899116619850551296
1492636629923774464
902414362882822145
1445799006177660930
1083017661859155969
1509874404502937606
1560781854701223937
1527647504929546243
1084589339412258817
924228991036223488
361819100
1137786728251568128
1354564983565275139
1495252977115967488
2244759081
1275400860554498048
1010341322
1204376564839931905
1463406792810004483
1570250655176208386
1566450391058993155
1531568164709998597
1542413822320939009
165734393
1454045214314676235
28496734
1405102430292004871
564806527
1244288077620752389
1561723534174523393
1269060394728869888
935878702835134464
1584944468972765185
247295825
898610979822489600
23596075
1558247044107608066
1256919652640403456
1542544354954604544
1576648813183393799
26211054
1536415605116571651
1548226834159976450
1519815855646941184
1313256576283824129
1555229848599408640
1037648417890037760
1424427273936150532
1449017800861880323
1396058039300546562
151586718
1570360748697653248
734555735414190080
2367320131
852405431012077568
1557284630964736000
21285934
1569934813229875202
104179386
1471475249996836867
1577303593320849409
1566909398488084480
1242617261032189953
1568833905566023681
1588199761001095174
1543245367558422529
964246366875799552
1143124478
1186595569910865920
1152010238305792003
1539251809545605121
26718515
737351975004737536
460451827
1729144261
12401492
1060850868
859111975556714496
1472696450752651265
890522942
920582645611933696
1515180381875621889
1244943087375396864
2903824471
1475401287487291397
1325711656354279424
1559224496472481792
598812074
3266358421
1566337598175543296
270162605
1556375450611462144
771488794478542848
488498365
1187034219597291520
1577035969500512261
1561591952595857408
19438311
1576790689278484481
129841232
26274083
1571582194283417601
1109129690684497920
1563471788184842242
1558126813737619457
1537882931707858948
1499774525474586627
1561184588269031429
833616519401766913
99000456
1567175714310393857
1486742730340397057
355774354
1427543959694286849
1566152531373424647
947199680542334978
1458449920403324936
1409615755910524940
2729272861
1573175846185144320
1567987354777837569
1579137573238218759
806450615102701568
1340673465821655040
1565886781458882561
1568837721908461568
53525382
1344593252398338048
1373703385078067201
29367621
1564392322011463680
1207021430958960642
1569025589742555136
1568199549658996738
4121640073
1425112425062408195
1583474939927011330
1559956693303296011
15218708
2799839238
14161761
66965968
1549769091665125377
1563971334354309120
1253080999572971521
1557789561748684809
1585329319794163724
180608638
1026582966720520198
1557467231562346496
1273271977306763264
1372981916677382147
233040698
1567305232572366849
460200062
2282036994
1266866215873634304
1565747696731914243
1572260945849622528
1573600843420815360
1567977375513583617
1448969153130352642
1168938380207513600
1316783193484337153
16746939
4624243835
1567996987563474947
1534362335544061953
1472974076570308608
1128529853873942529
1201222151673667584
1512056227022487554
792046197255004160
1239079248448458753
73057820
456679793
312051744
1491287632353296386
1358396123979911168
131880298
21653774
1580536279107788801
1583791212061814784
935810907900465152
1408072799927734281
1587856982303727617
1496783292326158338
1339568893392789505
1523209738695380992
1399684200
1452724259588034560
1580318283206918145
147222879
1642434841
969894578227765250
1547184730273103873
920178419647705088
1555530850460213248
1520660051790204928
125447508
566228960
799122544087298048
1567405853900427265
1390932144244019201
1282918078272045057
16696633
1369365690654851072
1422987156700684292
1578772135501234176
1153974356424450049
1536506147104071680
1274695868793458689
1365718961350918151
632126341
1889488783
1520029580341530625
981341450
1559955533876051968
148291543
340638191
2246229423
1569584604914536449
138070757
1569517014049497089
3257497267
1555245548462112773
2347366344
1446017272577937411
20961445
1297006943786209280
1373380323959058434
1191221825415499776
1546838740588527616
1566023573554200576
594660336
119511645
752161415167930368
2552895164
1416344241551265794
1565101983203221506
14345985
957063269134544897
1467443631992688640
1398707526242390016
1558905989071609856
1377024604263358468
346910123
1302140400833101824
1199938529763020800
947392382781345792
2259518334
1161760683924557824
352982226
576009212
430464918
1570188456101306368
1571517220764663809
4762792583
1401837425123463168
854397328064618496
1523577799751380993
3271616708
1256181846523752450
26063672
989047722
925570704870920192
1572513524974239744
1160432763079520256
30930546
1484626752878129156
4415694921
5416122
1513501592141500421
1569516585051893761
1133776081218146304
137085638
721826174733684736
1541297088910266369
1374321462010593282
1569710541664579589
1112562059474956293
1585912087804448768
96880910
3650152645
1243452970295005185
1158806708707307525
978228984059179008
1479208148862967814
1382723682481668100
3024270845
1090246542898868224
1403105357816221699
1291399094712307712
1433349026464747521
1245309436031205377
1603546441
1390365912214249475
575496155
824280721766416385
1338674975616741382
1400481458104459268
241365059
1509624128529367041
1483407739665752069
1117500346279051264
1173948023300382721
3223635434
1552481889935659008
255731664
166326763
705071383584362496
14052038
1541310160051863554
1584237875373084673
17947981
1586253510626213891
1573118377857585153
755385746358472704
808644371235164160
1463131379995058185
291859982
913449782609408000
3222797246
1563311626102525952
1568664038304878592
80800571
1049321
1580481420044210176
1575629883366985728
1576105272300429312
2525581986
1525886127571628032
800402159774744577
1172427110675185666
1460261089317371904
67029560
1574668415804919808
468323252
1563184608593600513
863089959347073024
1588204513475072000
489280511
1055579018991468546
21052681
720730479083671552
1573116680368431104
297666929
1072188220874653696
902565532737703936
2768097309
1409114396224376833
1563714795223666690
89967146
1565421830478786560
915997410819756032
1126469707
1511315948422467588
1566397515158675456
15632100
1290252134215307264
861090187
1183523406903435264
1580136329668481025
178561063
2429681494
1353217654891442177
1565807265445208066
1539564251097997313
1571779646982602752
187990590
1503458038107172867
122166624
1189994268082880514
131032058
200849997
216535964
1566701933318082561
1066409200161411072
35519891
1586197165315178496
14859176
1570346560776462338
1567574594361479173
1526894811210469382
1575170651857600513
1510607991262830596
29044744
1562148384101867521
1410422706
414550256
1110835046
898054119046483968
1318588711
1493753863127502848
956801603415236608
1565813151261724672
968877137301262337
1563072882972176387
3347367497
2945896310
200718285
2160545941
1060482590522728448
206253306
1548453163295858688
1552680567547764738
1029128841464348672
1569654050442072064
1583531760402374656
1134048327094407168
1574180506861797377
48552746
1539657948703723521
382227474
1365715839903760384
803734259743780865
1567777037284253697
1569545857481195520
1534933074445746178
139671523
1544354712048263168
1213566593495527425
48994094
1621271
3408932398
541854048
862762369885155328
47913778
1517028064323981312
1512023420564877315
1302003985
1269882625403113472
527929834
1576248096304107526
1574806794207203338
1542334722881331201
929956689985572864
1044139746300186625
3432482739
940448112740618241
955835404707684352
1391281234345607169
488629271
1565835034711441409
1279262787840212992
240412748
1338168759207428096
1532992746004152322
1565667180842086400
84481982
1316772292098170880
1569612988239474689
1285300109283074049
876553725011263490
1227974134837252102
1565847970561593345
1474343744912642049
302972675
1570061419827138560
205758875
1567151529219739649
874411760689700864
1471521334429569029
8112142
1483221431140122624
910918869807595520
1214989842481848323
915614301947355139
2562869971
1579952516845936652
969505662563631104
1455856304082153475
1434992078
915010027
1134998961423605761
1586319078507036672
1326145424009392128
4836616140
1383806150072672256
1566542460456947713
1575800686146527232
124869428
807946947915087872
203346568
2664700386
1373735623316672513
39215037
1570008888086347778
19543686
1567901260543627264
91608548
1691831941
1537531702763040768
905951370
1556931062902755334
1564814745936580608
1477901871239110660
532581995
92567364
1407260919109980160
1572910612463624192
978838177
846064624134967299
1575467732107251713
2366267791
1376265875511123976
1103310838411284480
982868776524759041
18697132
1164414252813340672
1577163279608209410
1318122840294449153
306436733
1533457757529047042
913141727007006722
20884676
2906288259
1584508271876050945
17193448
496653102
4185166767
1569521861087862785
40350420
3311777742
2913022634
79203207
1579800596114284546
1223924493518852096
1329591041331228672
1487405739035734019
1567554171276070915
1581951569825865734
1562412694690734081
1198388692567519232
1226073970354507776
43943037
313025775
2201951496
1392869995508420609
1406641056142200832
1431213670579769355
1567015828284915714
1452331350770524165
1246348942272376834
80922741
3018838340
890437225
308501802
1561717189752762374
1565165459569537024
1314670048011784192
1552491876925726720
1564177474593988609
1459668123511144452
1351419786761220096
1579105363604938754
3318394626
826055950377373696
1566127324138987522
1457407537372860418
1367059040581386241
1563143483556503552
1563564110997962752
1557802889082314752
9686322
1530823503104049152
783382157397864453
1565100535765671936
1423513103648530435
1474550409461215236
1149652932889067520
47099338
1499601936697335810
976904949996183553
2218309855
406945096
1566127530209419264
36448846
1562034389634121728
1561887335968546818
1571545744787800065
1555008828181057536
1680870636
1446516168056004609
1430656727653908480
1567242698360496128
833599413306138624
2778978649
1198337174871035904
352908909
1433868405736710150
21125416
322071367
17634425
2875112992
1379711328563032066
1555276569777774592
1466991040775303171
947240758108672000
1154737333033418752
1416832568310312964
1203405350080307201
1353499098716938240
1051273197017096193
1479501668
2784331910
1875336817
281605011
1567699881988616192
1567109441459474437
1133036522339540997
62414532
1564791581852504065
1405938050161537026
85806857
971639190797471744
1587387278116245505
268571448
2430069810
1541101867387817985
1560471116187049984
1441852004003766272
1030180828993740801
3092258219
1481577536199004174
1459937738510249991
706511251719892992
416021820
818172059993903104
11354282
99695763
89594032
966591389835382784
1021080578840555520
3347583029
1570398311357489152
14013152
1162794401917263876
1084209746545201154
1036987315296628736
951000762632597510
40867298
1577627374358872064
87321171
39077259
892048134943240192
1570380039857872898
1567146426672488448
1524690611642970114
14586140
1558484742143557633
834326616901877760
92027237
161838875
994225916028088320
1553141382050635779
950384262804537345
394221712
1563574972605276160
1264489268795199488
1440128281479565312
294707961
2581661503
979866417280552961
1495879693907767296
29069053
107706403
1426841176552787971
1010498049058201600
3513224901
175743717
1305107013345607680
1350213728030105600
1547840558025953281
1344716975159844864
1401664858119151620
1503322448443604992
101857702
1454466055062134784
1524953072232894464
1541853546412478468
3198240066
288472955
1546199814668443650
2268389330
975109561
2827451902
1512208201819000832
413595298
2335134918
947886061954375680
3237752903
946727960811360256
71543942
1418288500504371200
744209881
1028684480461070337
1563237951496081409
1208360472782749698
1559457436830158848
114201688
18816983
295365862
439914443
518741871
1566110385106817029
1569347579049308160
797527745177600000
1527573619550855168
1567222273777741826
1436010082907705345
1587410351670403072
1471982376515510277
973871721701871618
313943654
130543183
892922406054088705
115969356
3154669378
1275094751319134213
1562557574670872576
779219423789854720
1582594295428775937
41426892
1412162007055413254
79534655
14205594
1199132846650056705
1445652004047515651
59572096
3140817814
1556223258889969664
749761575867691008
4715321594
23487810
15720918
1378742033876156417
1439972296878346245
1573062561074905088
1415183930232291328
39279757
2814817558
3677548637
2209248257
161636712
1569064460261769217
1526250652694888450
46226229
49659272
1217190930668838914
1347653643747602432
920220172056743936
63329447
1553401907879755776
1443766035165810688
1534625417927213059
11567972
1566485445327945728
2789531933
27991899
1418209277953544195
1651014943
17339444
1494931850107961350
921771242109075457
1542478283677339648
1573060125174161412
1584143527096754176
49107700
1565573378571894784
1587276216075227139
1376828807286558723
20286480
1565724981039976450
3059500674
1586015627155603461
1367517594287153154
839895991511769090
1528856711725031425
1577628697246728192
982797653036580865
1557077645778714624
18985657
1570279955111743489
257177927
706819172983050240
1446320187658014724
124418800
732382167293034496
1475868893747060739
1380360757032878083
142025318
1518890002045886464
702869245068181504
1485644093615190021
4820727215
1282964939108483072
1569796787837505536
1494673429525524486
1375143026775973890
1557550119536427009
348925658
1565068272671723520
59702749
1371851327442149382
1565920150930755584
1567267566581579777
764996526
81837313
8539172
1351113390345904128
486588259
1571201629923287041
1489986836176912386
1567450870509617152
1566627373818253313
4202727713
35852338
1036238984655990784
1194591828449865733
1627614806
1493704752085057542
1567864737802735617
26568334
1294767664712351745
569205137
251423929
1316447610585014273
1012275625745440769
3816211
1481336591851274242
287231860
44322614
1563516949018996738
547178004
1542001150274457601
760210465
1513213751780327424
1345772487305355265
3367538775
605358670
1569655773239853058
61845226
135425908
967809824
1454019696408285185
1476469150436397056
1565414750892093440
3317445999
328015292
1576634326963347469
1586549788837044224
1339629497738547213
4548669453
377402744
492029908
1014050794721587200
1568763874048110592
1145199198997868544
895562887
109745617
30413177
39434919
1494261258786385922
18638888
1569065056209346562
1568886346441269248
1029812862
745115983786872832
1366690864358035456
3903308606
549676104
1569980463128932359
77225627
1566465486
1573527169489375244
19303540
888524927007174656
945006752990314496
782173311576907777
1557749012182274050
728645527047393280
75318278
16703305
136479005
1574904789430935552
1558705356808720385
1358711155032694786
1056678905422188545
958284630515306497
1442157915633188870
819759770
1544575892
1221002052689633281
1496208656085487616
1012040840
756044829377892352
739341552393322496
1498782451040239621
1370505126
1091374691607023617
1492228757914112012
5668062
1495415125246820353
1516531109596745740
930824890659344384
1444225290067054592
1568542340821778436
1464502698636632067
2894791077
1406057459387551746
1497414118181335040
1504703434506878999
44684335
1521787547109654528
18764607
1559068313258704896
1021682945726324736
17097996
34021504
1498728309668323328
1501236887045820418
1370393914692280322
1221856187660099588
578470552
888454343627857926
229919910
1511890469126492161
1311335688588070912
1538836394793132039
956001355784769536
1548450506158198786
1567954784124080129
1555148116441145344
171092976
1543844629006946306
35846244
259095155
1559809619257597953
1453948089643913218
1474768716290220036
1570339704373153793
1365831447714672645
1059216364253204480
262033048
1544019204923441152
962311975467409408
1562008587031003137
1565326151006171137
1584553058222178307
1585798811976359937
1567149269018198016
1564063000406933505
15248040
1425790519561445379
1578734897715453952
356682899
1469355371206639625
1499136957531983875
1566820253098823681
937892418938179584
1346953290
1363607905434558472
1567262447802716167
1497230643662569486
1556209128917303298
1514303496572440578
1259560609458331650
983765868248256512
556896821
1360098794327580673
1382641406968274944
1568583881325961217
242427563
251282886
722389379591905280
1580077205769826304
16100968
41587522
80472433
14764398
856589672604192768
1181515508165890050
247567897
961931672450162688
1555486724347813889
2953053064
1339384726725902336
1566325967274086400
606493284
1417514587205763077
873550734549278720
1499277595997011969
1339663708449091584
1512936523313856517
369727481
2183499659
21376659
1570369675904819200
1544811114646720514
1408051002
1566000535358287872
1546675490173370368
855117283496255488
1479767152148185089
1489691045537456134
2330413429
1484385176352624640
1241104276119748609
1547613936190533632
1569141866901250049
956857775543369728
1519487488116490240
1570359868745187329
32698639
1575527017331585025
17003235
1565667686897668096
46294912
1337541242348056576
1352690271683702785
1576854788762918915
1501524544653299718
1503102162658033666
1394439124468314119
78340595
3021269560
66975945
874217145521098752
1573161832637878272
12237902
2841326331
1585796117937143810
122718119
1911513210
40309300
1354813438657105925
1576419005132423171
914721465316073472
1510207341861523456
902102651810263040
1543002782441013255
76633127
1220135052866134016
1445161455033200644
1520444880711032833
1563935735450828800
1433416162914840576
1203873345894113280
216250404
1484792113682436098
520165092
1567209082867662848
1492973455251288070
79237511
2326521144
1586249633071828993
130799555
806383341729615872
1423403173700640779
1271031252171100161
1557478257162743808
1560060717541253121
22187636
1425610050333257730
3092818696
1428339563282448384
1553137535567728641
154093182
1567255162372214786
700804388110016512
844100600
1529185151036665856
3262131963
1568044441
1563571121672581121
1530679852948303872
1467226961760198662
1575507987963092993
1095473883753398272
1568131750618091520
1577654935906156544
1043271347634241536
1558758105240186881
1407584077302038528
984920689521123328
1569414523785777156
1102033694083055621
902144666841305088
1157146617616556038
1540583678081990656
470402184
976417289179467777
324261259
945491920637239297
13813962
952148228673343488
1563116853181829122
77417926
467692844
925565257573072896
1409495589562241031
30695703
3070690459
94345811
1156847996
1876260536
1491623653284499463
247213023
1546443169558151169
848999861844365313
1575938873682628608
873140878214352896
1325431881140199425
929509383859556352
1053140562134556672
1569041182969184258
415002783
1354095899765575681
735766522988105730
960808021822726144
1064462462244855809
3068484222
729766090671263744
1568486765521952770
1573932595053993984
2499549054
21575770
1574262153866973184
1495781050336911366
1565391447964221440
1168643448838283269
93745741
1260203869801512962
4767745256
1566876885124005888
1025638818068590592
1550739042723139584
1569586170061004801
1525087245752885249
16906153
995332650138206208
1432347216585404426
996574391554183168
33428400
1544354909260169217
3300565720
414524859
2489589221
1568309453979791361
735515876477259776
83837068
1417987837299941378
1564804632005820418
1525433847328002050
2994604497
973088918437548032
89682453
1586763494212472832
1536056441030705152
4744306183
2284590834
735739166705647617
1359329420910211075
494157718
1422865932993531906
3478589053
14077606
1552482081766313984
1584285597815939073
2511430861
1570286247410831361
1222082428803670016
1449485264007487490
1369991852326146050
2981777549
1549420166123061251
1565134432839028736
189498040
1561411433685999616
1422824033997901824
2267538541
1565627196747952128
851628217685360640
1433069124897447946
1577557185911046146
15568627
1516258407107338243
21682009
1475022800607858689
1559927405086593024
1565307230412472320
3335731978
990980827
4922420273
778904697293996032
1254584570575351814
1349609744101609474
1564809687597551617
1530917701295693825
1099431970432520192
968277498369777664
1535658307196964864
1568694791419961345
1537409742599077890
998968958966431747
214186679
87254243
25391112
79531480
1534255657003663362
1547281097008218112
872061511627362304
172845811
1561533437328216064
1367306964
329136728
1201583772296261632
1465635264831782926
1530570648623501312
1558969611827175424
15205783
1567144602838106114
17922972
1267655630900387840
857757660770205697
1475904474673778699
1426275908
732645804
4324137035
1581870359762141185
1557733935727067140
1487560520928579588
1431086282877255683
1565097242775764993
1565696620741607424
1538952082987917312
2258414608
2318336544
1571731469026078720
232148362
1180995496976011264
1520488306349248512
1098386366583304192
64212161
1038783564010020864
331312295
470663813
1568098319788048385
1358593073719242752
1298008831729967104
1567129911806119938
1567130926508810241
1516477519859490820
1565405748061880321
1559995928861368332
1583714105264930818
1542322749514850305
4231258125
153842710
1567569575763402752
1311737684948381701
1140310781541715968
12199652
19158873
342398583
3230429481
940605956651737091
972135004552785920
2923189828
1579131055013068801
1548563829029847040
1584588908368695299
1184451674716413952
1566491340988350471
1513398284173262854
1440310046223593477
1510444872
1111421258510426118
1333753790336557060
14518588
274785316
1581138701815513089
907291710727884800
1565027387749933056
1559376328352079872
331971421
711141208089690112
1563051191600263168
2478068242
2546330804
956916683490304000
772833080960770048
1499034750887071749
1221741243878780928
1018969514455814144
1307357429286526977
1553208708989173762
1024606017487822848
1538336557324804096
1561762799658979329
1526022588593754112
1565206752878071810
1402752568082718721
1568845001530179584
1545028467569426432
437845752
1578394693443919874
241913350
1404100158221176836
31155339
261484584
1542858665040162817
73982598
1132773229
838502482573672448
237902760
1285106662274002944
254234645
18819516
1576648597164154880
1519747429037494275
1086932437106651136
1115312791
1557757088050417675
3235945775
15163188
1567222366165426177
9385512
263582003
1572187616111632390
1247867906949623809
132553808
1568188059388354560
1423627353578688512
28405191
1560289943812972544
1565610651720028161
123676394
3421996918
1587511247578308610
466679076
1562006861544534016
1557616197587574785
17910462
755776629855621120
1334211433
1478311469964050432
742958854699356160
1540896916447404033
1448972234857586718
1345133083356520451
1506250658151817225
1566591594928693248
1557734450733412353
127397102
1411898176634703876
1280769723320242177
1346115831567175688
21213658
1574187774286221313
1477010854348406784
2776015504
1564862504895131649
1507972129949630464
939323182930018304
94378791
1573552531787042816
1354479235608555520
66632061
1482378217189257217
1514113902946267142
1558138826865917953
23805115
1040647531829649410
2606991529
1574202044445036544
20370381
1489257757312430084
1542561575739035658
4891644141
1569993180933758976
4867687241
1102663774648053760
1350297572477431808
1570115052975390720
54312659
930360304185339905
1062395796
4834216700
781688362339926016
30296957
923950098
1569503794484113408
989272689473916928
1480597910794481666
1587019771459026944
912045331
1030500268637675521
1194028798963937280
184100211
930639342
1577568896072257536
1030546808743841794
1507214313819451411
875279439210455040
1377868417525370881
1300779552558391296
170306701
15066876
1212011482092695553
2377598084
1241265196888461317
1203939773041299456
1557733080718508032
346293519
422205278
743154845469802496
1567741131676610561
1489201758689632261
115807986
1566605707201462273
1490770229265326080
2289925710
1346839397338124288
1566979393511391232
14684699
2533613416
344125433
1567817033697624064
1398830573532061696
1350432846775787521
78396046
1559015142276440064
1558287922142527488
14276017
1560035464333099036
1018118101
15258270
1104156361
722054578682904576
1578977582141562880
1586064810713702404
1559102164320256000
934008657510928384
1577904447099142144
987445041718267904
2178521815
955886429548236800
955495708047667201
1580170799968763905
1688787726
190403194
37382783
483918772
1558016222888960002
1555487090770673669
1273641406209437697
233750049
1566285287051137024
1563870409132576768
1367061508077797379
1518672523273068545
349923203
1357840422
1680014941
1569963064916672514
1165338051314356224
1583321097696600069
1584542420225720321
734406369177141248
3300035833
1413068631768911876
706604591
20400703
1465394139055357954
194715078
1498217939647954945
211122484
1320240297671086080
22824243
747560436468420609
1137102663051632641
1244092686434533376
133907405
1101093119754416130
2665819207
1430858397532909569
2202660704
1566104885317304321
1578550950540857345
73309625
1536324637071745030
1468465010200694792
401681706
1912873358
819524221378367488
109202861
149761525
440115135
1450275435208593418
1567488203313258497
1305503265224761344
1568585637833359360
1566777045996261379
1175881332343197696
1587613005776269312
1502520001198239744
270831899
995742497178554368
1158362959481135104
943508325810896896
895273326490394624
1168815697998143488
1547040078928691201
1579901996290965507
19361885
1564275287315345410
72034364
1565686871010603008
411987281
1516810807157280769
1254824782907965440
1543859513182556160
3643962736
1297543021597282304
1565095197570121737
863398622964047872
963073903517200385
912305054350274560
1567780744679899141
1212686790294822913
1526470873880068096
760179224313421824
2579207419
1538849882328506368
453352323
793996576062603264
924648330289872897
142656103
1416144143957508097
1170232181668626432
1301413264266588160
1528653634904461313
1563021652451278850
1262694960358461440
509126722
17282261
1529928091195392004
1162103477754982400
300359208
1500296351707693061
951005476912709632
4228255092
1379432490
751008206
3346369193
3270452785
1567833558282027009
1089428473611980801
1562553431151104002
1562907037230436352
1585192042023493632
23112477
2422840075
1563371916106551296
944168925373259776
8695992
1559401808103178243
317379597
1566165629350051841
1433070434845696005
706781429770768384
1178763807440674820
1559031248382599168
1247373842562994179
1542300966980128772
1131931367560941570
2455209938
1559153370845298694
3139187335
1310083581893660672
1546347544309284865
1206917946
1578521072927842304
1578563741863419905
1351703234
1212643231835406336
1485291459775504390
1494351896466837511
2594174162
1570005783135371264
1578808541342842880
33448608
252031570
1145955782611132417
877565823430389760
399688262
21509624
44042758
2248766490
845447862
1571887795710599168
1162248912012374017
1490955394960834564
1581674237525463040
421102735
2382100904
1465378255679143942
1570116916605222912
1504077636439531528
1526507708811296768
1580190878005710849
634523269
1588194203611316225
1570410438214520832
15222812
120342864
1564966190937542657
249532641
1573065270633136128
3765479422
1586268679578189825
141242053
1090734498
1570825654181969924
1439652175928385537
1569067703603806212
1580789908503166976
4298899343
1898879347
1038837776379076608
161416555
17448165
50658291
1576894690900987906
1568687528030474241
1083144134670467073
1586447808223117316
4705829966
1428748552331743239
412836292
865289123048939520
1419154954497953792
1555599747339223041
1575289812260634625
15507115
928187116340858880
18867631
1570771975227703297
962935301759959041
1519854619
1271029300595232769
1544703705324339201
14346219
1558734259950854144
624662289
1466601134571753480
1567277624509997058
81891085
237402058
289145760
25785311
139902812
1131900463681605632
2804017758
1357609256
1015417718210744320
1546492370522456064
912787232137859073
440360405
1163885183474556929
25714158
1567398217494437888
14540644
19616378
1157336082293248005
1568461507738083330
1043437571299258368
1395568128239837186
4826216153
199811044
1288695454977232897
1061362258142478336
1034399268809924608
3217430829
1350601092065853441
930073193704034304
2523248551
1053005284044500992
2735066946
1276656173320671237
1279332277051219969
803664962627522560
2338368667
248434397
1454047740481130501
38570287
1528919074876575747
1583081402966343681
1477001865351081988
712627271723458560
1401477174553628675
922278295982432256
1343901257182883840
1569969302949793793
1432672606251991041
1219611787278024705
312504545
1251295410246651905
4425011840
1567346980581416960
61666063
1211825024
1564883788731228160
1211342977
1582531806900920320
1052103606940229634
1551593767123111937
1539062414922199041
1461085394729152513
1566407434914398209
239874670
91603468
1269017048794820608
268454018
18369107
799017787607961604
1308198640213725185
1558016156027346944
1567034519168995329
1024327569154420736
1020367846512168960
93668278
1235638372774879232
2524987010
859763454802092033
786158573202001921
1531859029391069184
625874285
3044674474
1579378122268344320
175139213
454798998
826409407139479554
1588421351886708736
844045077831962624
1569331753583624192
896722511722926080
1399058821633527808
910538333583024128
1560869408603602945
1389503927788335105
1288847312215662592
1504087542412595200
1578011631560396801
1501121908443549696
732923824820256768
1101500004869525508
132811068
1546098675818156034
931667867782619136
793767271609069568
1530630548955070464
1268909300380024835
1545974578488307717
1504153327382183938
259306130
3302093169
2492749862
3072801573
972706781506998272
1571089140694892545
1495747643628486656
1510427046232858626
970951754090205184
15290468
129548458
1061188293239414785
927844614
1151528414358253569
1557854652326191104
1581621894041812992
386624183
10313032
15277747
1550702806759133184
25515719
474916184
1567236183301783552
959252368662687744
1541872457115729922
2310250706
1570174175184130050
877142056996675584
1265623683743322112
1557797724183040004
1299791025347670016
1496508486766628865
11102702
1570856789318549504
2511211741
3317693716
548826140
2373542576
1464580578876039171
734889765024235524
1495168302167080966
1350033583604285442
1001899614
25698588
1612604634
1585308138059829248
3446091617
79458898
1536070591945801728
3296737986
1502584430652981251
40229749
64819187
1533791695057301504
1359544548846829568
2950744556
1126874611243786240
1446147547370819585
1566797312822845440
1580846376421826562
782960252685869056
1573895706766557185
1253290192288522241
701476706
153850851
910437700309622784
1569793088599785472
1566338226629091328
1355575150608056321
210220381
1511333035
23443551
1150039645452980224
14727939
764481007668064256
1565581539454636032
804895883762405376
1567455369152319488
28428563
1438657754613288961
953309024447025152
798106708170145792
1539176127155130370
1368150025063305217
3846927201
17546601
943819100823879680
2433503185
1558794123443744768
1557762892396732417
1461870892133195781
782287861
1557273002932576256
945655922738843649
1475266824447086593
859407321260339201
963603428
958362193048711168
1490243269749780483
762181369
1382943213095325698
1569824477663600641
2847898224
1517858234450968577
1489915430022098946
851740521030717440
1407097190305107974
1585858820441530373
983535233420083200
1588556022096039936
1505378927577300996
2537149003
1555356047870771201
25131601
275396405
1577850568210780166
884888557894205440
1568242314094551042
1120272855395176448
354877155
175526887
1514793432912306188
952426744253853696
1563565564777209862
1569624638367617026
771366840425644034
14570924
309850079
1261405834153779200
24764569
60134661
1570449012720820224
1567551361042071552
25414035
1565977465662705664
135820971
1565060759255662593
1343267897607680001
307770181
1266369467740647426
1442742514339835907
1247487679777783810
83066063
908848755843239936
1088109141942587394
1557109658099372032
1391743182971539462
1568188973759229954
1563894378556440578
1587574907076055043
1448705345711452164
12660552
1520609098177339393
2679015634
902206547606085633
916140835
1567486691270873092
1566927652497367041
704939077
4366695977
1537330914459627520
555757138
1066203948657270784
2461018098
1501489669552238592
1194314211087802368
2214466498
1554485436176912384
1363308798182531072
2707257906
851534859969409028
1434197229389156354
19330051
1569027071921520640
1484362665640169472
779870961126379520
40876411
1566067466974937088
1566209450133839875
560023656
3014369394
57460212
1569741519355285505
329230949
1420562396075106304
1561686747897110529
309640163
1433444560387072011
1421183645616807939
1176776380832452609
35256887
1339915258195001344
204907045
309887930
1566418625367396353
484639970
1199855460523876359
1427221372854489089
1412778991
830075496729812993
1232791861363785728
950528044367675392
1566060925370699776
322238858
1412026798477561857
1566914434542538756
15307725
1503754144393441289
1502256936716177411
1561447201410355208
1444727064532238344
1430561757400113155
2288127892
36621647
4879063113
882837224357756929
1570091381971886080
723530496186011648
1096825898077220866
1261038979174064129
1247099474545201152
1583721303739187201
1576780287773532160
1446565403581419522
1374520489360551940
801206864730013696
1004933546
79919204
1491002577386881030
1412076590108794890
1571954244269359105
1880934578
1270480164175020033
4148602522
1528061866379038722
17969082
703841930954715136
20799183
1502001699157905412
724565868345176065
1450652949257072644
28320528
998605430346706945
1280504967929962502
17669882
1549104722526801920
1142007525379837952
3418688799
1455648160253190145
46728424
785470657597415428
3229980963
171962385
862971185298100224
358957218
1567566590337552384
1575537953056690193
771278338258268160
916711062694715392
1532564646187913216
1439959081763082250
218319482
1476649003236347912
964864007420235776
3395586679
2280715892
2194809371
1538111985836908549
1563951270980997120
1456705155370561538
1972536756
1444346500004384771
1350718887105540096
3004574244
1227068248472117249
1547599952779481093
1546188599716380672
1436199664747909123
1071401523106775041
1588410931859660800
1208380734618132481
1553972979314429952
950207990
1564374639912026113
45438259
2950898445
1360500807494479873
1427702425511776260
952666141435965441
1557275680282673152
1572176328618659851
1252021697215152130
1472206228109602826
2773619093
1927365834
57128354
1103121375995314176
3292839563
937709612
3161702751
1557396726772035584
843244956319997953
1578310500458323969
9491152
1585820296669704192
943512260839960576
765950780033667073
1498142345123950595
14357465
1244320029119782912
1567100654530748419
1566028845173669890
4128939675
54514059
1486336839334121472
23314228
588105230
1497906099680251906
251818592
17960624
1409793930430844931
523287486
837301807223193601
999902634
1356794175610638338
1443809172848619547
185854466
1565689799851200513
736913708241301504
1471796421657608197
589365760
1580171591618646016
1383411852818804744
1217650842284642304
1452434744
1538584061882601472
838108076666417154
1526083954138390528
1087096039591559168
1587768867446657024
735403769974947840
1466136180
733367317229391872
1266138001
1534684471714529280
87869514
1565617954586238976
49927518
1688461530
1075817718
1497989492204052484
4432556137
2835830359
899342961304940545
32542190
100536483
116321659
74380698
3222495481
1579893662443528193
72090505
1504365331837464578
1369191791556231171
1520352362778537984
1567554096818683909
1164479059247718406
1248435920031887360
2893502350
925394152149397504
1256280448117899265
460414145
1574340593353986048
1500924500686241794
1578267699297263616
35789941
972829703810768896
1581913641565184000
1559236552705933312
1444349567680589832
52318755
3448168155
99562247
1567917303064576002
1580758765216837632
1517316294936211456
1508766676174585864
939829555
1559215045099327488
1534135065038430210
952121388373917696
3317839905
1569441700887552003
4330450237
719076820994404353
1406682160375889920
927574912687947777
1565660951898103808
1567214869434322945
1225876080919240710
1225676500457836544
46203794
14408989
70776608
1539353047637303296
1165299569774813186
359572266
3331862782
390284285
1280895557364600835
1568839899704442880
1281760273225986049
21555789
1300240419008245761
1415338751442702351
372657413
783065613929443328
3250418308
529278545
1374758218249818113
1581903108455641091
1536273345112690689
1580461422852460546
939120372028465154
1464459926412181508
1096694291500621824
770137691786706944
1125119503
2400335785
36474418
1540677616717660160
1428782824253915138
551464747
368357474
1494347620147417092
1515375266394222595
15984125
729238318093901825
2318954468
932657489635610625
1557303151086243845
332289511
50286290
918648414
922434837289586689
32925783
2693906448
2836770930
1547027525171396609
1544872698970529793
1112122656378310657
1565430015021707264
1453377421105840137
1566022092981772288
1567526081602768897
1424599322428067844
9464742
46986164
911070235
26137111
855477418706051072
725704295010717696
1122542180394917888
1535406200
1525061179772895232
925828336965771264
1080644590980423680
892954139319087104
216401657
238799748
831932926652796934
3900026412
226571400
1081758836
610982338
488331679
3972335303
1432272234106667010
1572650669085016065
414868631
1159849534735826946
1569026835215687682
3202474484
1376327076
815928686046285824
1019354773194076160
13558762
103967533
3397805524
1241347414025527296
245535732
1583971075171520512
1566926792900112384
1447464338
786677439120322560
16328316
272220789
1281556269317476352
1585859748481552386
1399349056913149960
2817911417
1155099728
1497251899363725317
1569033921186381824
1513178241502228485
8531572
1318586754253901826
2286921143
1532282077034315777
1493935812169375753
396866864
1567889098550951936
14319149
134327411
1272903784189046791
28613378
1343135941
579068002
3235130256
305500219
196598607
1493264173232537604
54473995
1570285343676723203
19095144
2841330207
783412467472994305
1521303113855950849
1548396377276723200
840015688337129472
1408049162449469445
1569095591497531394
1582504850243616776
1539375484559040513
1564312619384709120
1475248690168274944
1143761764120580096
1629521347
28495695
1558353831389528064
1455722931682693120
19004688
1480643584349163520
1568967569956290561
1575569131952283652
1586716845276647426
119928045
1579505363472228356
1566711693077536768
961209844467359745
27276977
1568159029284716545
74560708
1565062503574507526
1526275423465635840
1267899030916550656
1115314512
1247907236422144006
76048149
1054771990433751043
1472380255
1522501805262868480
813671599157157889
344450013
1567795188214689793
1566369528338157568
1490731706701082636
1573224288554983427
1502327774358372353
1552480676737343489
1270615453552062464
1413138640167870479
114031302
1494650892250980352
1519677660783333376
1021396046973321216
706681869685788672
1503944361649840130
1553001689753747456
47358639
1578298162598612993
1557421135452684301
239420779
900361988
1580233283782283264
1476344184298741773
1515807016396242955
1572977890693730304
1459019318608412672
45461676
397172867
1554751387111669760
283947328
877273271183585280
1096421807043866625
4155057925
1557373630706769920
3047335435
1563705893107253249
452174846
1501441710949343235
2908155822
1934765906
1421704919015464960
163858202
1221317221714157569
1530186418198401030
1735720074
1406174739199139842
1552397142723104769
86773118
1570528605876232193
1461453153782611975
945812378633101312
1490588623997186048
15998406
1263894166054019074
1570516634741137416
73629674
1581905001529724928
1066026819038658561
1255562903769341953
2325704833
418092571
103959792
1874541
1269572994
1363820325587197953
1566300949081378816
1563200658966163456
1446756149773045762
219659344
1084680799
1281967760814288898
1206963532052328449
32750439
1580960626586681349
4119667934
1580949090271219713
1433393066
20413365
163411524
1566241120379715584
1558486116839600128
110431589
169352735
1587433874673500161
1569652943410049025
145412171
517870857
1578133567045091328
911990953015201792
138966937
861839441505267712
25057519
915100197708906496
707353937670701056
1565321936388988928
1063070588107927552
1579114546064662528
1567979979488595970
1558180273023598593
1356730660606607360
2517778437
919029867055800320
844605114174390285
1106593625071382528
1012935030962774016
300734643
39490780
1507260158698790919
202736922
1546424308121145344
814824288163348481
1557902823165149186
1044589942012227584
257027496
1354003551001968640
109446442
1581465198807990274
2853418419
1546648913033191425
386338347
1076924888730918912
1573453466688684044
887300653940432897
954459847478730753
1576344930942869506
18387196
866683226831568896
1226419957962952704
903674116418531328
1264658092085645312
1330104398052290562
840323890849095680
1394795684
23654724
1078187331750776832
1581107296767070208
596876539
960352928191021056
2521381
884470186790793220
917591616
1469769176117956608
107857280
1567426186237599744
2378918508
1564150021825650693
951937358
1586362503851696129
425818597
1563956278526988292
754297177
39828820
358818637
1560543026275024896
1456256082175684611
1586340429276278784
828810487332638720
93851416
1448654550382960645
1474390431454564357
1564210488191422464
37531731
791744773707235328
610270028
1356901390354907139
1315094024114511872
1178347435086815233
756857716748849154
1401276259896901637
455858575
1561906490142691328
1239497409677398016
1468443072073977858
1577520444416081921
2494354729
1118098157341040640
214653849
1566840901594497025
99674560
1381406055838724099
1509790846161502208
1558108070743379971
1201897802126675968
1489263660401061888
1607233357
186245669
123850117
1470907247563874309
1067994498838347776
226572959
62413434
18266477
1477979350871986183
861373888793640960
1134754830
898665999477731328
1193065587506847750
167847212
25961244
2161930145
1321929022394277889
2368427286
3118412403
23648712
1022265191570894849
1440377914441154565
2940216561
233139482
3302722405
1585197758696329216
1567226504739782656
888127853123915778
1258101762449453056
1326394010
1527312540090630145
3910608261
1565355755590541312
386651414
887706722092974080
925015168081305601
38119511
1565627117634666497
1565035028861849600
1336924933859942400
980820494101262336
1568476364113838082
1289930868744577024
1580359700209614851
1471825965420630017
612765335
322037103
1554273582649208832
1585672046540988424
1232268467249827840
700451940736626692
1512829119960330246
1462342686887714817
1507725169829195777
1498196942530113536
1562398517833842690
148691227
1439276573677408256
1567868439829553153
18843840
1262797848535601158
827809221974450176
840482687483826176
1154811599892504578
823362049036156928
927219101365358592
1295709546313322496
1245813568655765508
1220059386
1377622355040735237
789136331267944448
44230646
991460466407944192
1555555889288994816
862312004257820673
2215033241
2318417922
874834418799693824
1587033780144902144
243767605
1536646691327455232
1472173253661798403
1570287187647926274
2243986622
1474473096228835334
1587794420136550401
817275901482188800
111384669
105337950
1275543375387725828
2394610092
1023106016
1546693838059646976
1494614531477282819
1720102579
19733280
3298984788
729278910970646528
812610343633649664
1404058063657570304
822886668843810817
1570384238486192130
1450170614472486919
859995284
1138414594009911296
987760091842609153
927585434326241282
1417076977958273025
1539891985108140033
1532781403678679041
1541325820739944453
847452220710805509
104688767
1535745641434996736
1402623386463969282
2227056654
165496837
130527366
254629315
848630229195214848
1560744654
1484235911743344644
1399435274351005702
1559145827217674241
743334417267982336
390375003
1412142091875065857
1535513153554984960
1464266371689295878
280528165
1574111612897837057
95563300
149812843
66992802
2749274463
18521182
761879225813139456
1124034666338631681
1418567268770975748
1514803698
1324684782194905089
1519271340947439617
996665227
1441020907468754946
72743396
1571498669270093824
1129233275879284736
313166787
2785521821
223748270
961853244807921665
1357096326
752990327435395072
1452718482831798276
1444622333839171586
1557558631247257603
1564983120260001794
65138433
1565783777930248192
962583320759623680
1286651310872256512
1265391915278626817
1574021150878728194
1567003889668431872
2935583421
1364730727464644611
1383298788324909064
1304502870851624963
1282105400146436096
961441658
1248624388162740224
110280196
1580974518163611649
243141668
1015222154
1578628847901495298
1565795066169675776
384665306
892983321159811072
1566027880034861057
128320348
1271478145292488705
65414504
1454543569881075722
1399120813907791872
932591894428823554
2598201013
1094086718016258048
1565058900528963585
1580681147545264131
262013862
19514116
1372185139883638795
1549741787052400640
1568683859046277122
2606849588
1496744542430707712
730415543627489280
857274184266907649
915246684686442496
1548825536398508036
940349395907817477
19234620
1547290180817752065
1554876839105003521
1548517429776490496
251540958
3195790651
1564944908787585024
1080159377284362240
76997791
1364958908511637506
1287509897584578560
14957541
2458532700
1569627689224671236
860148885272055808
1279653536335200256
41093053
1503134377613705216
625534908
1558497865806249986
1008702017898983425
1563985070200963072
2434860152
899345602869415938
1381172866427744258
1108609164
1551390420474757122
1161992331626549248
1457754664795979778
25282958
909339904844472320
1167775928069439488
1586273870784462853
1508746239948566528
1505650996437037068
1037384315795959808
1187854431443968001
875703744314302466
1565406360858238976
1569718290012053509
1192773647812964353
1448007741268705286
810720211053715456
1548724913133035521
504527184
1586055718733549568
1489780221582712836
35301409
1065757088
1582545009185763328
1703512326
1481616846512177153
1569196403045421056
1566970353372598273
77016942
1257677381432758274
990457007827312640
1545415362618998787
1534472592677122048
1547858403359203328
1315135145117057029
1567352623325396993
1119933201827467265
1555336083340005376
1015410621712617472
189107057
1524021348489924608
973699406
1567806529574674432
1430651965
1417876691872096263
4292169014
959016536659906560
49082856
1356582876
1309114811796643841
1566087394255720449
50936290
63270954
123232906
1506519588892250114
951156135700156416
1122687006771859457
3242625516
1527643359141146624
1558740487120384001
1482844400807911432
26294217
2940834426
2858228616
1050232190859075584
1397424267034124293
1566306288266784769
748073150584348672
1239475931455967233
2770935236
852071277162618880
1446900685807579136
1576297704027815936
1372799013599154179
163494355
1242732603683332096
915508433951932416
25812498
4736116863
1429344066328801281
1480959197869129733
1548376636990431232
30468314
1316256975605260288
1534906567602348032
1567560712666464257
1570119267944730624
1346815443235966978
806650375
1332574629827727362
1251602735612518405
2465122700
613337428
501103174
1567103790150729729
1582879007535558656
1553902470602145792
1475841912724594688
1562777106538692609
3915806597
14068073
1561527683833634832
1566710089326657536
1568163834032168960
89224272
1566444609290616838
1371191453670576135
2273595427
3064146412
817110704029364224
717229472919986176
1573456387417448448
881065684540825601
3274703851
1516836869392441346
1271436822976106496
899155716052623360
1039495326405603328
1586446305982910464
1567935928705982466
1501502538847293440
237707143
1529295472652951554
2360320385
21106016
1576830858950066176
54037704
1517537292059131906
1289927950452707328
834107556645711879
420482791
744535901481603072
891000421103280128
1673108456
1478764707033059328
805518090729619456
811055969715322884
601151719
546789394
1566872280243773441
1554455061786402824
1460201439888920576
2649867798
2899781590
1470073443932594181
590732954
1568268743591043072
1525131413757911040
717319076
918251848363950080
97359059
4927026046
1254687673433894912
1516123602034208768
1487265034514440194
720549858801790976
1284516403152695298
1451150033013776390
878875405926580225
1050120893706498054
1166026349703827456
1136264039116484609
1553385807993511936
1350874943316127744
830352169765367808
1469276016522706949
1119565566119940096
1397635355025678337
271152150
1521825472258007046
1573392473019351048
48075053
1453352833
1571287302814433280
1572963794791317505
1566001231167778816
2786658196
1582320223847325698
755789492858957824
1558971710455545857
299201140
1285115231614586880
1548711514869317640
736581291596976128
1458035176135708672
1408033572120895497
790488686794305536
39286720
1563049385721622533
833194771115958272
1578478564936146944
784033732080590848
1582054043643392006
1429437000
1368297865764888578
180938019
1566774761350479873
73140271
1282427840659517440
1548393089990938626
191478795
1135907502254632961
1567073880405147648
2839513611
977491140
1304466148293898240
1555140797447692289
1355496164045582337
1313159283484192768
38260613
4735592955
1564533508856578053
121028095
1579302016186454016
1570299539831021568
1553370814250209285
1163607916051480577
1575421814
2625667503
206342944
83116867
22344431
1484231197928869889
1401813288317603840
705504487788642304
1295884813
1570027867265957890
440108963
1570399040382341121
1546337814312325120
2812481161
18212207
1496746512533053441
1364992705319870465
4223445695
1568904683015520256
299865504
1587458036540514308
3129576870
1569577228685705219
1566441633763426305
1281636532919717891
1387533307273830400
1586681312114401280
1259778214802718720
1145114022
1424043511201079300
1568052422899077120
1575436512996593666
1543852749238202368
25387939
1511358230282510336
1201905352687702017
270464139
20791835
1337064592401440777
95352327
151507268
1584669350782504960
899639870729138177
89213165
907586972495044610
1567625717780824072
25373949
960527581413019648
61203452
3913653267
1353172425417093121
1584878441777664000
1585317497611468801
2393419046
1158411175
1557347146139066369
566096172
1252284287191138312
1363487064466075650
17116202
24930287
1502800757510266882
3523105515
130555942
1464590036431687683
1142471109650112514
1305873220164374534
1570428438846078976
1557875866285342721
1299629956297895937
1568480463882166272
1357046908687183873
490166229
1491439579362177034
67100260
902213482673725440
19744571
1573704549805588480
107539301
948678506766061578
1485251238199533574
821044315
1519197843046772739
1435261540630999045
815265799002869762
1148652973855129600
824644780168777728
2147707389
1145871570839179265
1569768116196102145
1404858426908459010
763416232150372353
1461604885263110145
1578401885119094784
1320440963471294465
1277289770
900099990151995392
1548809033842319366
1253360745259171841
300455440
1546566517046890499
1476968759042654209
1481848398798073869
1321185004798488579
4871942475
2176227770
589166345
2533606196
3964149304
53791595
1517265243084365824
1200672193983717377
133042409
1536453165272518658
795973720510763008
1553242927186460674
15998261
1471629528317538307
2748010077
818741615510568960
1268068493515198466
1502251852683005954
1543637168090148864
1276937435314884608
76237301
794436361159778304
768432427467284480
1720466107
1559956061045522432
3322230903
2257558088
1013190105438318592
1536639908034527233
3267055213
1569080173294764034
1506551113188888577
978252487776980993
798686216216379392
712561333766631424
929553195344519169
1565887102742560769
318392258
6528592
1574823936117731328
51859858
1134644483063209984
1569559220055588864
2704838986
877316002979229698
1043160487259791360
1341965897423056898
151448846
1039784328
1565034820819947535
1558738299182800896
1568653190307975169
1179617238
1129007164809502721
2388782156
780794468064632832
152415361
1497563707
1174099964663914497
1558481033221312514
1552969743715672065
1498724434819100672
1569517682759958528
1150105266656022533
292246663
1563388628264370176
1552597413491347457
1544285278050914307
1334089497630355458
1178783495302209536
1279183403011563521
1570452384056283140
875616459103232001
1576421672911048709
1568771805946544128
1577663714093842435
1557916851069665282
984123889537044480
1565998761721069572
1039462083283144705
937844767076925440
23160045
1579873795275382787
1564596204578738176
2427429092
1519537246780768256
1452045840
1550463684941680640
1503485073022074881
1454085432011014149
1565716745305874441
1572536097921503232
963178759930068992
870128419702484995
871605288
1568892204781027328
1558645236678656002
76328607
706875782371614720
1586890959610314752
517608474
151055829
1236009929481293824
1494302517928562688
1570814396422561795
1568911993330929665
756343308
1483424709635104771
1562713571586625536
1570106423526453248
1461742824630591492
1133309080938979329
1568730598130470912
1558043452524449793
1221497479616770054
435226761
861124776806559744
1571685791239401473
1488154882783731722
262872847
1524694230421356545
1559123489440899072
1878046466
1548639062071906304
1568876005959368704
26554009
1147714108181139457
1555921252220649478
1566956693191262209
156796470
1565412667791216640
1565141172213133312
2326641134
1463758238466424843
1148261543404085248
18024428
1550946496425730051
1411938321346007040
1571582905151008768
1569463162994593792
124760539
1564059130444320770
1516587330924130304
969668869555093504
1585734057236873216
1019951192
111636750
1343875945980186625
2573837160
1585566629886398465
1587126279761002496
884188080105771008
1485566851
927617269374570496
1583710717072576512
1183785683967606785
89721899
1512019937078185987
1533348871941890048
1448242608267014149
1558134446028734464
1562366783213879296
590705704
16864230
1486665318
1633772077
1566334185018728448
1567913066846625794
1565451136886267904
1533238170069893121
1565610138110763010
3298702225
1391554637300486146
426117542
7356942
44450193
1238793433461993472
1455245736631848969
1524043271504338948
1237693858294661120
408077425
1584804210205347840
2149109596
1487216929265926149
1439830958014808070
913816103088001025
1570132047934504963
1573613552690143233
279876687
2420464556
1562518867
1522876204268888065
1351871092638560259
304806641
49876550
1573243150218694656
174756682
1268012270769991680
285585877
967311255794081793
1536822353103028226
273431097
160165514
988042689290690561
1560330771516522496
1542196878808256513
2154471709
1350233406479749121
1138017587240087552
1549383609387188226
1587401807936032769
736951721927249921
1568592619084603392
1569034768905551873
1525540707553132544
1544499335983136770
933225354
1451528840715640872
1430290114761068545
1584164705110720512
878642183087247364
1565680801601073153
1529029032020410368
885190218353172481
551090778
1582267910424334338
1564436525802291201
1305937167328317440
2504529614
1105816723435880448
945593096363847680
1572840841533693952
535351391
1574004562612068354
1496117559090888710
1472051736147804164
1563243568285618177
3988249601
871692587765293057
1538910050261028872
1422693863198707714
1544794340190560256
66948686
1565824299813978115
982234588075376647
1049178638195679233
1512092196022984710
793645559894597632
2811031390
373825671
1067368422491729920
54707799
89583009
979295625333403649
1572131605723881475
1219750184013516801
155241498
343772141
1547642190343458818
14175523
1356322675543732224
1163088458790793221
1529680251252781056
1562747845135835136
127653231
924266806734229507
1361097207575764992
871092900838469632
224940210
1360690993872437250
932098455190716416
879895398227353600
1555887717007114240
28514948
1561051573278720003
1411318714809696263
14128984
59287557
1494000537053937664
755759690055815168
1564665492539080705
988484936008192000
351408233
140595399
1408833129847181313
1120293966069374977
1464993145230344204
15102125
78508514
308663023
1227784698
406889921
1319312216
1534547670240567296
1566951610810499072
1440988566264455170
1559079142355787776
575740343
1325216384519974917
899121226794246144
1563265275650121728
38670441
1567680828829831168
1395262922
1494640899254628352
1574054720334766080
872063708092084224
313525664
1434525290840084489
1577185609638371328
1528320053833342979
18689406
780631913383899136
741633748748390400
1428482970944516097
1085675316729720832
1269732140637229056
1555920623225946113
1102797667921387520
959381809858531329
1578822447067025411
82668474
1557358845562916867
267138639
1500950606600622082
1472711679125475345
1569496474677047298
4536557833
1228738866577801227
239578231
59441633
1398161815188561921
832183933
333979216
21966705
1104880391121297413
1584532337584373763
1567454456715018241
1095581946934149120
17311777
1053709905960546305
1558301897764884481
1443213485022662656
1000991216
1217752422447271937
2212442844
1025047506537918464
1582790729184706560
1299695658794967041
350103118
1491202232775282693
1552278048027709441
3050444982
837904879591034880
3239228082
1481675485528612871
1547232333530537985
1539596300232138756
789761683
1490410130898403333
110980917
888858044
1903203553
1569894341304553477
1562140219792580609
728471660
1469178041243140104
185848096
953330613771292673
1537286545
889843393064521734
801256213002539008
1568871533136990209
621964376
914823880153341954
18184561
1583541634523955213
126332625
1548173914576105472
1077555918588596225
1583169823973990401
892633442
1565579029662650369
1536394336069472260
157230284
1572488566198136833
1560711671697399809
1434569162236571650
891242186846633984
3994538241
276187734
1564362092387393540
120051325
760093065650536448
1585696490307014656
901351322011615233
1027970274845544448
1557170778428379136
871416240262303746
1485809412514402304
217297979
1493970358705270790
1165168312952639489
86083696
1568403324432687105
344308716
1183234100
19974230
3232824980
1488212030486102029
1074530442
1107227101
17572632
203171616
1562027890849550336
1489697320459329537
1520052959547060224
1000765856589189120
1562871649308774400
839196288
1308838371385659392
1567898338334507008
1365645740903571458
10839772
1562325121959727104
1433288583234801672
46390865
898602924187815937
1283607727692906496
218619829
45364918
963125544492720128
1565288328953462785
1577937744940175362
1358733036884492300
1493635832481210373
750896550
1506233476949114883
594325700
1573325092292919296
1509449188316225540
2195715020
15685283
1467931536062222336
1274289154185142273
1130018038265262083
1564231896665493505
153565128
1515172566096297986
1249766187497594880
1419731618776944644
773083932
1567072267196141568
1587263184070737920
321477823
1113196194111430656
994727805328986112
1574043966190006274
1359605379550875662
805071113286021120
1004611041655812096
946396301553553408
582721810
969569592925409281
1585988079407534081
552904510
1551518575587835904
2739548102
1586776204979625989
793950044743409665
1210315812
1363039027071434755
1558812389155422209
1174024369569443840
1569340287113220097
1552573047307124738
910076018827948032
1568580580572381186
1569040382876389381
1186382007279837185
1573245055426519042
1386808642364657665
1463726705181446145
1570696560337469442
430887438
56643092
1445716929050669057
1564676575571976193
1548743421199884294
1214966675835179008
1403304912973287428
1567274491000012800
316118537
887943612025188352
223226122
420469446
276911103
888125039454724096
1418259794884976653
1570387015409041409
2492518736
961900944555499520
3311368266
726477888447344641
1568774457778663426
1049744030454697987
1565106346256728064
256966988
785477248472059904
1343896862638661633
1548938924931907584
971802883242029061
1587770760222867457
1554141114759872517
1062411813890023424
1494688164711223300
746867253107367938
1503326047588306948
155174856
1551606663404298245
1496290365397258243
1583403043009200130
1492980642736398347
1548007125539909632
1320676594780934144
1040003960680194048
1238666149929324545
1333729418670436353
305621692
2941737284
908009333098721281
27935939
1254829126394843137
427681749
544246980
1567554424532238340
2203868151
1117104556205232128
1312133332902215680
1529649444685086722
1569336991283834883
30466915
1562328589122826240
994235406886596608
259824772
1968664632
5150371
191800918
1583784282207698944
1427297838
1573782205578579970
1566653560476946432
1238391595906416640
297949494
1548753183941562368
41853102
38535240
1400756760420421632
901291592690028545
116694293
846982392317382657
9166282
1543847386799374336
577943938
1459560563453816834
824711470499958785
1358241568939929600
3312739664
865352464551358465
1433347019108724737
18102508
174979306
1237756843130159104
906776625932410881
87591835
2433035562
1165236680
822186826672828418
181755417
1278562523189518336
898777439459041280
4857347771
269844468
906154338191425536
988902982484803584
1579567920971239424
409303495
1560192629903859712
1565151363654369280
1422865767947718658
1550932193287016449
1568553369324625920
1476859360840065024
279967212
1568178817600036866
1259842808162197504
583667925
1028070576
1557805186088837120
908865190049009664
1578733196753133568
235684766
2284374534
449217300
1587577886768349185
898523209410150400
921129227889594368
35023815
1536094653321207814
825556011603869697
1540991421997629440
1579362527448039425
1563185985441378304
30068057
1201897667468681216
1470321708233998336
90357423
73039079
68758804
1024386460957388800
1557600634160947200
1557178889172140032
1425386242477367296
487837813
3373677215
930048148755636225
940323623398551552
77558545
1371985126368874497
1386961633822511106
363003559
1114195799263461377
1586353582110117888
1217475681967378432
192800586
393097449
2236422744
1568213817615687681
1506819857458769926
118674790
17850785
1339919355937603586
1465366461031976961
233831588
1572728274727456772
996124017990889472
216712873
1436285376805605376
1567205300364615681
1360359896731025410
844421834678419457
1233763189570990080
313615361
1311613997079199744
1361753817742774273
829773081694597120
1568911402638929923
1520871126569992192
386439467
767300064
1289310140190138368
1559727021353144320
1542610415087140865
290563495
1297676498518695936
629179845
1054115112263528449
1503209794676867072
1463841300797702159
1256890882646777856
1456051189209051140
925303449046089728
1408541298
80289077
1347500414661505024
1568906896446312449
997802652779012097
948468006
30516537
312981051
1559352083924615170
81112022
14715458
63679910
1317678549449478144
3787936582
1107599149
1259274686086762497
505624877
1925785794
792039803189596160
4644255302
1506055005992026115
1557638070282981379
1559094648706314242
899277997299118080
1519199373145833472
1006159771
169936749
3323524488
1031120103553884160
949871226628972546
94274918
853218425220599813
937410147017740288
241536891
41115798
2959891513
1508173034422632450
1584385218965815298
1577942235903102976
818347783186956288
1586634192535932928
3222797067
1134089858966728704
2936313143
1511646442686980096
1496921163091660800
994306379849650177
2786330958
1567693587873239041
84551946
75323519
1110351900547997696
777852599659794433
926032000095363072
1557941253169610753
1532972812553850881
1563665098790633473
2801331116
1137741670789701632
723570695813226496
1542268874439249921
2881204747
1570087412960722947
1560626852766617600
1359701662244302854
1368140612080435200
1549583370786447360
719567404985159682
1252723491637428224
1566670975525085187
1557269459521396736
18375750
1184708870813433856
1592830854
977986278
76041847
1549741787052400600
1177245100939915266
481795180
946344888
1525008821692735488
1568001323131346948
1524780607494037505
1205523551333371904
2684291
391266455
1567903323587584001
1479463298584223754
1567238687771049985
1115985999178420224
1569521087565934592
1286265195560669185
626394289
1390794755274166276
1414367875482202119
395556120
71281607
1568826106647543811
1548841127603732481
1568067135649488897
715526425051312128
296150557
1551958867776397312
1583025893852688385
1478809580440211456
1445085868876779533
1569673658238652417
1568109367685152768
1559215158563586048
1391228422957854722
1071734352692817920
1291163165577940998
1967182771
1561277806700425216
1263215669761507329
1319376518737498140
1562883289282904064
3008496762
1528382700398252033
1571134561849069570
1575222014465417216
1166308367561887744
52455193
1241086891673505794
2806569248
1146423557301231616
1973576552
454451978
92037419
262641807
378718470
1587355098581114880
47565775
1971963728
1564975715941883907
1491728901642629125
8594932
943466439775866880
1079982721777037312
2168542682
1396322461390721029
1366903633216901121
1510403299219976194
9687832
1567829921916911616
1567066946792742914
508260492
1494635494453481498
46879723
1180223877844045825
71732876
1010970599307513856
41707039
244596365
1264994558
2998369885
1263386278906621954
1564035340863946758
1093258354179227649
1569449973548470273
1201726199321333760
1492305244126072835
2307675307
765678706371076096
1499282771818463233
3947537722
1372555738397212680
1279191244762161152
905861996
1542230263241007104
2938474516
1870720231
1302894447118749696
1562864872295399425
1124746659689390085
2359370624
1187324280716976128
877589017885364232
31414298
1533983520699617280
1075692208702005248
2912068707
172228717
4305638712
830723208
1496573317549015044
3246893629
1565747025681022976
1569586080873345025
1081676473759608832
212990094
352806835
3302623650
1562479268944543749
1557948304763551744
3343231396
1120714131945021440
399428892
50274262
1186181365164888064
1566878415260729354
17045579
1461348916750794761
715611434336411648
1563613145209655296
1567074859540447232
1557804761503727616
577478808
547325964
42198851
1120325652530520066
725724668955598849
23151751
1129430529508499456
1299048348494761984
1441241356609863685
1559898624192028673
1252742023477702657
1353803038247563264
1568268793217949700
862096675812159488
1561830146092371969
19922496
1575077238386659328
1471924441101873159
18550462
13566052
1574368681378947072
1531706603099017222
1567086261235765249
1566746291551477760
1554414235966246913
234865328
1547189910297247744
1400141840649658368
577227900
1389761098946068486
860643947785330688
1027959454153760769
347356568
1567233816045166594
1548526412478529536
1581328499671023622
1563991279045939200
1573388745633824769
1569486968802934784
4130848752
1548364282777128961
2586796098
716964640115306496
79754052
1584423496536363010
714705831200165888
1564253410454544385
10197162
4416880719
1561795164519137284
1548398959839703049
486315851
1449624391801704454
479749796
1537315346939490305
1565730044437073921
3062153582
1563143916039577601
1250580179229040641
1569877117084569601
884114551255576580
1582342737914957825
1450343515909726211
1528456567376728064
179019049
1567565659994726401
1571302892199415808
111897759
1537770499094495232
1045322528053501955
210148467
1518078496475684865
1350793342427275268
366430644
898397238
1575397789915299841
922149068415078402
1558899440072663041
1558752231754674177
1558548686971588612
1539983730521116681
1317766803234394113
26972933
970439483995783168
1674677990
570897640
1420286228209963013
173529796
1362943533657825281
884343236659216385
1447910522
1362701210667655175
791642283024068608
1373301754276638723
254863756
1569618339705802752
1553414952840486913
1558510667031875591
1470776033825763335
3916288875
1150764184038100992
3073475254
1420464530040184841
1571370175613767680
1574808888326737922
740143921486041088
1588434681523052544
1518785746030985216
1561998958754422784
135331237
1542919439737315335
1396992845299519490
92346621
1452161072950095873
957316393162231809
48303291
25744191
18391846
908710789791567872
2512726873
1445698154
1567412178256556034
425734083
900430635751309312
23653818
3439492300
1362428809811689475
1454209516984221707
14984154
1571225185940021248
1389120082240999427
1233192035030577152
1568003906411560960
1372395766686318594
275459048
40062722
944059459680329728
1481375188503703560
1284039800211873793
1579664717152669696
1121438695096299521
1526273137544937474
1561975715641364480
885839412898263042
2615763254
1487778254312378374
1570032793555451905
1209449446104281088
1538877485873520640
805219116822859776
87253830
712661550947917824
1523962237417058304
1564416447786393601
852008392369426432
360444201
1058898326312103936
1084856438801993731
956158142672461824
723565818965987328
2698086523
1551694211463860224
19084896
1354767464865869824
1112767175834693632
15481158
1008206261752434689
1238713260754403328
1129804543087304705
1567876519283810304
1580543279648718849
1569599103738458113
2897068974
1238446074345353217
930803408696512513
1304799896395018243
827416621862027265
1565489751884324864
939639254745059328
1566261009668521984
935338820421214208
1574039301397958657
948550672365965312
1581590822637764608
1500703575999238146
711746749312929794
2471073944
1492696486634684418
991064341419036674
1530033734073860102
1561853347119906816
29255137
1510996825704173569
223817161
1513618230077796365
273328918
1558505987333570562
1554831135070253063
855157159
1557400792830644224
901565814733643776
39638530
1145010594279505920
1503664227923374082
1429753439043547142
1460801574083919872
1558032133368811520
766956178563801088
1558141689272963074
18258889
1349628522780913666
931415011875897344
28633609
4133370832
17437787
1347877734228369409
16953186
1512858022267142145
1533886121905627138
1550279669710462976
1556110344984166400
160492732
1427126489120604165
751127121808982016
1568216212592644097
58039772
304227082
276869760
145133820
1563787638930391040
427002134
1542750166607970304
1476079550190665729
72142250
1262392049434755077
1326102018231062528
131229750
1577239135965921287
60961619
1349569965649702917
65563900
1580650916574797824
2832109654
128896815
2537321191
4324751
1467456559
1582383745121882112
30886145
162033248
1569630707382890496
1050766047169527810
1151081952339996672
1071092043949064192
71331979
1565664425641553920
2288071658
1559223026037755909
278320108
405555922
568021021
888917756
2494619652
1588241734865223685
983669933111312384
18906467
954388356842119169
3401175912
82256612
1432815991549923328
1184484570932101120
1410910070506983430
1361674762829910017
904065847076978688
1567926865507266560
1558584294846697472
1539564774186442759
1220335942487150592
1490032340692869136
1514582249244610564
1559143336367235072
1301258210045698052
18695068
1643200615
3169148587
1546917697363054592
760145599
1173918278
979403842835099648
1546377691003486208
2544249374
1567070063076810753
337611821
1569342447087403011
520119874
1579435567
1585667368201641987
1317233543446204423
114761840
1313754559001526272
1542457032497930242
376872869
191897758
1570375546567000065
96983744
1565160162545274880
3360634295
103094352
737729489275375617
1470996753973456896
90813853
1565719905940520961
1562795215181623297
1477893197665751041
377126608
2694115543
1449818529432158209
1248226448495775744
14238762
805383571271745536
575529130
742203745048526848
1380234242064519172
821392524334026752
4630831522
2864425807
547337124
1409117723704008704
959721012467179520
1526410977629151236
760205857477038080
3683172252
1038072029478625285
16376845
1305073026648731650
1369218620048424966
501860422
1537109272714170371
1569196228361043968
23554832
2997001058
76567984
11232842
1250870679563460608
1324970681092595712
906444478784917504
1582302133285785600
298564055
233945318
122497255
2292223262
206394529
2799228886
1460307972970754051
1432559563396444167
1401770192477188105
1350936158138757123
1566793872881197056
1488123765494067206
1561345802823409664
1530888169654300672
613234237
30924802
1564524057516982273
537227379
1370073219009552386
1534564121898889217
1487064021702529031
3357341026
1243567753845297152
1275498811515973639
2260150261
1569649596867170305
218379543
1577447268722040832
29270717
1485633354347446273
1583541547110322176
1542572658990395392
1410052675
3238859628
238483408
1461649817508192257
723782839
39948997
1380092387100348418
761884866
1002892512699219968
723265312397910016
1496920421567971334
2732959124
1242083884550029313
30360738
1250098213748649984
1556514475582582784
2496777265
113987324
1386745121199181827
1519463537344712704
2782642983
913458535027150848
233853593
2377527242
1561101856478269441
1471065001389613060
2339956720
1328693318
2247604323
1575589836081070080
554835401
147923808
1567590776128798721
827085532291268611
596199511
11658592
1033724805873364992
1585680875865243648
2891341437
1569861156596236289
2192078353
871545870482886656
1049317326712184832
14524782
52605637
1165252981136089089
39203830
1548077648730918913
1566447567294140417
1207246281703247872
1083330726
1573705506312568832
38416190
1575663798299422722
16112476
2906687448
1034535598298750977
1588709175533641731
1381328293249626112
1569892857665708032
54657403
1434014757644816384
1387834703831609347
741126746301444097
76168727
1567311661727350784
1481154770740068353
886794432468713473
1154458952991555585
1473634508163350529
16801580
1393003509126025218
1534619539333427202
1582805317099872259
1555541891927662592
1347938658511421440
1569749945124802562
972150305596104705
1304463358012411904
1523610194940338178
1531920298961821703
4882239442
1583054952108269569
833716766
1567596533251440643
1438075152462405647
156597188
928577684078080002
927888580936110080
1023792946510888960
1565050785917960193
1473136122217873409
482294619
473284021
913708651289956352
1544795944155508736
1354053813859180544
344364429
1557086897033584640
1362521684700372994
21410484
1348925119025057793
1359781342876213249
92734380
3007447948
2410878143
744181793524428801
352093755
1564493715967705089
145045845
1481657576227946496
1486615198177935362
1227879594931281920
20531624
2731083948
1325487069288869889
1172915732
199137658
1564722022722244608
1144278503258505216
1569194712963362816
14662568
1557482362723778560
288551333
4353659062
1575143558490857476
1443859380982534152
818986793064419328
1525365208147013632
731751420
1029414478218178562
524630389
1246072390854959109
177324047
1378640356594491392
1317060426018942978
1586069648998633477
1539654684574621703
67277375
1565480798857338885
1736373734
2207834960
580157738
770433330877792256
1300363262924472320
1482496760727621635
509479796
1535046393156476929
1571906312446820353
397062883
172372868
1157081234524102656
116360821
1554569280238518272
1567684620501516288
1522323367436578816
23278429
1566002707051077632
1567661772588580864
246867459
1378272895906967552
1179791259621306368
161555090
991138487809257473
1417013815028240394
1486331263417991173
1410423927185317891
1003215187195891713
1566810673874718720
1208904446434070530
1486886992604381189
1473011834
1433809544757514259
791340608073891841
710542970597019652
371813111
1085114955823828992
3420954623
74592620
16800901
191757119
1571789344041586688
2430389784
1564535293654581250
1362830204691881984
1538154773316218881
1065601738013577216
1570240413839265794
2687313487
1465443843860357123
1205989449911418882
1358343075769184256
1519686341906210816
1558555459824623617
782542819
137159973
870068181536321536
3323101733
802299943
384928466
1325475527067578368
2149322341
1471763699421507584
1458509080537051140
810960141809897472
4061936542
954318480
751645960762224640
1092227708841381888
1567503848499036167
890509832108879872
910180389045628929
1559270481605296128
1552025537916420108
1526787823684448262
1513074877040939009
18393495
1454990447814668291
1518691275330961409
11820302
1371084858261434372
1507412133965107200
328209091
224195902
1252932205900374019
291587088
1481586709825568773
730705376409194496
1282940782887014401
1554519931
61199090
1447531627421192200
1250717337382080513
172226424
797142473462153216
1401585467875749891
1103315488099184642
773169355
3254894274
1516407808438243334
17638986
1363718349419515905
1577079603276947456
393655152
230680638
1564077807147560960
1227550294344699905
3162251678
916756240621080577
838747285
516123391
1533300271199449088
1558169296341188608
14635690
1345912651998609408
1570115280088465408
840418345417560064
1566252806423576577
120420230
194865680
1388854474303811589
1500678489841680388
1511722835252817920
73951272
1030426024142614529
1705642328
25774134
994463876165943296
1540372695505944576
2923550018
1567776452577267714
464735640
95523107
1567393792134909954
1289841115563266049
1565292172311773185
1582478142983221248
1672137258
1069567050979438592
1380236562290638850
1423308764917141507
1571509627824775168
381665332
7326872
1106572627122872320
74660635
1442984877499076612
2874368771
1519903524305653761
959118689185431557
88955577
459410425
781356882
1484760189551185920
329200602
1545840108296978434
1541401859679813632
950880729944137729
1349742421467426816
1253610608072810496
724764270261587968
1427731926639464449
882351874199965696
1571248638684168196
17529576
1547750425197043714
1508420749169627139
1557142192229154818
1092405596089958400
1493262717960036356
23663477
1207692742857547777
1183732341203787776
1100282983250948098
1154390306772672512
1580572217527586816
1163365967277125633
1499090054077202433
1406482713171972098
1569859472109244417
703082981439709184
1392758277247836167
198883643
250487493
3022846491
779255478
901565058874052609
1363611946956824576
66915392
94601630
893389654187266049
1276224302
87432901
81703590
719655314
3440258834
1360313248252329990
16515179
1139195049986494464
1258707260299149314
60119396
118008254
16992891
1529981727451537409
54713849
1575875538371022848
1182249826307760128
908754516341751809
1507142893919563804
1277982257450323969
1566719844564606976
1587360455315828736
3342736317
1168539720604880896
1415833557914636288
399985750
3162322413
1345861692333371398
468622809
1329396798373335040
1507727429552558080
1574372589656588293
1565696915379027970
1582422328297852929
1565671451931430916
18196167
1568909899492630529
1378047344877432834
1520079217286950912
1486757692353835009
698056245379362816
1568245391396868098
294393301
1363188511579516929
1584986568971927554
1485980736125796355
1017085271500869632
1283897250972934144
1545742091023679488
24168069
1445649914784976900
968524585741180928
1513826678451146759
202169325
1373656941919080454
4687792290
1502165694787448832
97497197
20924605
1147828118587170816
1396454484
1451290807135244296
1131176665307013120
1304177957250961408
1159200652012261376
840993443522449418
216107121
161578606
1567118191582740480
41331106
1049855295864750080
1579820433460928513
1351558324781768712
1577356598703439882
1559150900186423298
1663068252
999635065406672896
798992029678268417
1565404268772966401
1557976284374138880
1484913814319607811
125833920
986598397573517312
99346489
18031542
915653396052561921
82559925
2155615176
78129412
1544911646732259330
1553426507271491586
1562719733408866304
1568787764488900608
93835216
184624769
1211016421079076865
1558815638012891137
1419811658801745920
2847008139
913836428697665536
1154715368654610433
1447959514481717248
835239544308006913
460441343
851505277
32742396
37975275
1559628285809770501
1497660727787667460
1364471007826694148
29171436
1570464041214316545
845649206559698944
23673341
800958102732492800
1452695609245327375
1570272181086568448
1562590851619909632
1581719033279299598
46309386
1501221952274452480
2411702275
331509542
14669269
1518505988252663809
743413971705683969
1309031787612512258
1571339606246952960
1563805523060920321
2382229472
1322626421362204672
1566390429716717568
1567358959581003776
17495649
1549561759
163152807
67015837
1612763167
336485167
2518077715
1176446021213331457
893518785625325568
2769606780
3271165008
1362395269296394241
480395569
356483633
1574085502965366784
1557221320391368706
1564619750675972100
435977916
1288357033897410560
1445107593857441802
1486259624
1442553349027483653
1568143156561969153
71336164
1545926073770283011
1570083176206290946
1503155543665430530
908212268
43931488
832824724199649281
4330508480
1565728435141758982
1471771575536046083
1092857242683146243
102094667
1559470097093246979
620362026
47217790
1572575457119199241
1438611448112975872
543547871
374356895
872162935
1469505176775974912
3063945227
1184385046112821248
975453150692823040
94634993
1240365077871521793
1570142680566595584
75499013
1509085712024424448
1311127566418403332
134853553
1393763167038316544
38425706
1566121731806310400
2277632947
1088519837419220994
839820051842654208
247935220
1568201243457101832
222470653
43329683
1562931835172458499
21274994
1383953478565826562
1444085485958094848
3257120672
1008908243890913280
909079656229257216
1562109237777555460
893972925090496513
937710206699503617
3216582015
817404064082362368
1557856887315451904
1064611380794404864
57225656
905291745881198592
2885503594
916177498567860224
1502532399540092928
1391712032098078725
1459776179464904707
1461130687134720002
1347998988914601985
86762886
1535093444821098497
1565901115278839809
1533341723966906368
1518938868581425152
1569555480653238274
972368149
1565731817751482368
1575379362395963392
160643546
2811562609
3250594910
1552172274807369728
1205375642
1563923729419083776
1148845884710383616
1425894247
1411444711945080834
2363149620
1558378401806909441
1511787724898029572
1172958723255484416
1642260908
727359635959734272
1397027875618902016
18416637
1569138920981495809
1051790986924498950
41893555
363344188
1586768487191642113
2392371552
1461316580088766465
1569550031828717568
955048987890999296
264822432
972573270456201218
1122762675887460352
936694154448453633
1558760836793090049
1538940947303735297
850921453210021888
1013187563736059904
1274629722182266880
1544346566986608640
723259413054689280
1486520260878430211
1490074361922998273
27071248
1112754961782321152
1566600642390622209
15129104
230837455
48220775
35539391
1123829337864769537
1549563576209223680
1473494822866411524
1560328569833897990
1584528601936171020
109066179
1578453659922276353
924255424127406082
1393485154228740096
836949689199177728
4272442933
771745255800594432
1396032511
408501650
1581826216411045889
12348592
1492541200276013056
1579183533364502528
961544622806917121
1481987444799066118
1348294518991413249
2181610196
1387472474296754176
1573821821308346369
121140538
44616960
945692144
1516413883149398021
745994016110546944
1395919444967231488
1427813179
1350601719147876360
1566128339433160711
704620667774365696
750807101870669824
1506957286765256705
1709687455
14367500
20428729
1417239124273205252
1557207778678263809
959406868606185472
1524831757882732544
1562779012652417029
1566683624283721728
1568637319728578562
9057262
2667467436
1051730385564917760
917415560736133120
939144409
2332111975
1497220716848103447
1289749768906956804
1013490543245119488
587279510
1408069863436820488
721936880
16637633
600014581
3415420157
1580420788032782338
1275170895888343042
4877673220
1217623508
1565233771577806848
236564056
1379523032750948356
3145453651
1569323433762213888
1495812289823449092
1483407772989652993
1292772297573638144
3009057068
1349473479255609347
1262088816237645824
1510100370122743810
1584091137362472963
160661165
1459729321497563141
383409249
60998641
1294300610880131072
387078095
1571553151395954688
989572137554935808
36807231
1548422969298276358
1185985024883122180
1463328277347516416
2157698626
927049638313635842
1302920424880107521
1549802513590796291
56447839
1436290776225435669
1352814308430929920
1557647660177293314
1271010101021806592
1568442052165107712
1553584824
1202106234322726912
750597064434806789
831903566088507393
913507807336464384
28099857
718246841146597376
1568192659709198337
109010916
1568426289241149440
1179148527076876288
1520794264208576512
1547925204248145920
25029201
1378272283152674816
1532420735309959169
1563205119222906880
86634369
211485769
201823528
1455860561137135616
1358446464066723840
142700355
2817755996
49083259
1489037389766926342
1447795490959990788
11437632
1574237509038460928
1282927796994674688
1525067477147070464
305594027
2283064380
504096534
711309040551399425
1183658646363725824
357731670
928951512205856768
879630476499066880
1510584158766182400
1328682206382985216
259745974
1114514066180063232
1355202369127124992
1581253495126204423
1572453438671228931
1383057945722826755
31721437
1173361850609807361
721246572252561409
1567189330132598786
187474486
263851866
1328262348973420556
2835431208
94096178
39931406
1666888609
825285760580464641
1577708889037938690
2390661354
1505607013555920896
1569746439127072768
2736168791
1331792612739538945
3120182811
756040164149977089
1401766420078342148
922726227684806657
1150719760369192960
3288183568
1487113428657479688
1559942234383982600
1062998839815073792
235332007
992711923
4075446676
1331421450792681472
1689654284
449026354
2779194252
25496757
106339178
1357492978957250561
136716513
958104669208821760
2292406034
1568912174248230912
1412199573183938565
2980475318
1585766799118897152
1455800368747667457
1540451501587529729
1489070559384117251
1318310183144247297
1558073311095054342
1521417244802048001
3282923334
440870211
903998311
1576210909508272129
2955776012
196906945
1573342184622915584
1485016579951796224
195390597
1568356176902889473
44930028
3705703036
1541500181421740040
953809993089912832
1315984096191893505
1567335802052419585
1432190808837529601
848628686114959361
1573982178584698881
3351431771
194197186
1558862892815958016
755213065470218240
1565367063870582785
4445221100
1465078410103906304
226005381
1015704223
15499375
1517987638707433472
528258865
727143495710830592
1563508624743612416
874980024306339840
3401077809
1447771380540391425
2381234624
1570404893273501697
1559552926359736321
1540321747521650688
1441044186438983682
1578664640921612288
1427717059790577665
1563254143157817344
2444492405
788848327014047746
1438131468115480582
93539025
1418294488091537410
1551961122986770436
228626652
232784306
1494262107994734594
16804332
18946913
1606996256
1569219931962753025
710631361325846528
1580210463287042049
1584877234342469632
1184232088406499328
1552240172728586241
1460688553923522567
1227589850322415617
1360916557476597768
840646510886940672
1463260453
1016729462011060224
3105320089
1538788273061089280
1547603005
1542979835135500288
1568264765847343105
113922876
98673232
1529879275419054083
1564277881857085440
1024647224892960771
78397000
1077185008945778688
2556680295
1543191329416658944
1295370296325820416
4836879915
3310182426
1579090165200478208
1369973137283178496
1579765362819825664
1719209900
1570049652300431361
33007230
1192772214170488833
1570797954684026881
431939100
326590712
1571888981796610051
314535201
1302545551301521408
1558488898065809408
3258551606
1514262417911521280
1567207444228743168
791961205027901440
946600979855806464
342727846
1008239994392186880
1853024144
1111800494052114432
774690308906971140
936197132280893446
710149910394507265
1302855511700799489
1532357866346188800
1571501954949386242
1569473908197425152
1229795543196499973
1490751969278976000
1158191
1569458409925390338
1586608450913583107
1497980310402867212
3381822885
896174419143524352
1006068811928391680
108310326
777984404543143936
334178552
986813513900482561
784853497472749568
1577033869869649935
804336788873412609
18140672
982984872
1042771833790058496
7352422
622974542
91114436
412262989
280143398
1564706330769866752
94695876
3105146761
1445389930046312467
103103149
1074026806796316673
975774058020245505
3296685366
1538120925735944192
212632603
1547923341708652547
1576984170051649537
63127996
1567004618634444803
1544170478
928529355952787456
1508751492060258308
21847210
1551005886713323521
2317184695
1561793449669660674
1487703661727952902
972678570983096321
1309929643865264130
844421205478248449
433983667
2981675337
1566037079234121728
728403639186825217
39431524
1566812943475507200
3179567732
707620654485528576
149582233
755089083890823168
942572415246221312
236102314
1500536174703689732
1448391607183679498
1538824028361674752
1558634615073837056
1489195708250869763
1566483573598724096
8520892
3938331
4543011
67560826
1464555874517602305
172463165
126329497
1579438892930973696
760046461824409600
1485941877077864449
153492935
17959433
842642696137297920
1244136028572549121
1687816272
600298810
305087603
1583190273705840647
902824782441283584
5410502
873251535718928384
717726475613392900
1078334056650092544
182907098
1428630448360628226
875244804
1566348013513031680
730021628
1282285060427673601
709924803675729920
2921781289
1478005148148400128
944685164860293120
1512321340992274435
832178880
1532337434716872704
879699300023795713
115716652
1579179454320050178
1566805684020285440
2542797728
1573111380579942401
1569773037704351744
1550801512472920066
805308871
934123479644950528
3166453447
1568614263115350016
73779753
736237556954587138
1335340963720531970
1032956534622277632
3303720555
108521668
1548534318380761088
910655691794219013
1508691469581783041
2464137369
1572492677777707008
9211622
92599281
1534280120973787137
1569307158709239809
814372426788339713
1563651660676829184
1565842241071075328
236436692
208378728
113765386
1370807832027795459
1270197478881705986
1568129681521803269
1558000896423985152
1452311861190434825
1281483924422619136
1443225132978163715
1493464479119593473
1644863876
4696272295
84653197
934819752563769344
28917442
1579688161986355200
3393645544
1567559732004589578
1559852076812931073
195179031
1167039199884775436
2909500946
52682129
807173716912111616
448874679
1544980956016246784
1573203102190149632
1580188952262328320
943973341173387264
979462063167885318
2562607982
3316800103
818347913856352256
1562951837275197440
1331460233772888064
18180751
1552337836359155713
112464786
908707982564880385
1566317931864129537
1103207543323582464
1565208414367744007
233103411
1371086903492087813
1582486068074520576
1551590320214888449
1549938344
1492397198147006464
911758290903814146
1567041391225880577
1547080663806926851
985844920882642944
1226892193635479553
187733092
709879287868841984
1031495988857499648
1533034920318222336
239870154
1515925562191138818
1200719321204310018
1496450666742571008
1014110936
1567497675276427267
1499977268394872835
191461328
806145537913262085
1458484454482120704
23706593
1564906961468112896
1576451962509352960
38021307
1336599986658660353
1352754691373985792
14365454
1497178599413235712
1567696548284272641
996439924495802369
1569430880430563328
950242228521373696
1260562999003226116
2459881518
245595668
1424194944491794432
2345560580
850268153426739201
1558244963313336320
1571729121767755777
1030136183223971840
2367079278
1513101053528457220
1559227310439538689
1406222555531206658
1365242117493125134
155144853
1443501630058426372
1570065040107253763
1570115781140135936
1544664790462656512
1398955757207310338
1519228137950875648
1539547760063483905
1276659529321594880
37129107
960227107308822528
1558625668853891074
1707660469
153713569
1084509803081334784
918614154193309701
1278590586
709317259290869760
1468967960765079558
1553406482946965504
1461392219634606087
1575613802670063616
1568757203787730944
1538974064613761024
1185532384961351680
786713693425774598
2237945710
1511011665562714119
1506767961817849859
1860989474
467425825
338174746
1450927152501772295
1524621391
1421817647679819779
15196727
1478798672515194881
1579974946847170561
1506955293238128640
1568991486078816257
1518629913296883712
101842919
898842520318345216
1536769196960407554
467436398
1455784688644083713
986004024
1448226718439788550
1493659397553225728
1573505480
1331071938861674497
936582692505837570
1209835083902996480
1263136353543426053
949042985743847425
1559082165643513856
1567368217135292421
1466472360379310088
15730445
1509094038821130244
1424486414981353472
18647774
98310557
1544491093638598656
1509175867297181698
140672254
1567318288597942272
1585989844412628995
43964334
1554096385967804418
1564641337785344000
837658486121070592
1567160507039363076
1584414465616912384
998993435716734976
1544952227093258240
8568192
480384372
1566331996888080385
894645166153367552
44555324
2942390273
16952168
39320905
59529399
618994145
4045572082
1538632749086654465
702439094752825344
1402879371644440583
29350115
86758625
9037192
943104215941074945
857136789286465536
1214614496880279563
780847620
1563224124788314112
3318194690
1564354724316446721
1579645985588146176
558390174
33650666
35351715
1565774284592652289
1077366272134955013
16593353
1574799181851541507
1483388348895006720
723946545155039232
967382282402254848
99372340
1557112163491229696
704778226321760257
1580570924620947456
1585382699694432257
1443983645136482305
3304585711
109410504
1499182341297631233
1411890507354050567
1433599625483599873
301363832
1569990384050118656
24414718
1369211936185974784
1973410207
1485819155794505728
3341684753
1533585679292284929
20335063
1588141764543750154
1171101108414177281
2809216179
1355195001697873923
1453211346087157764
14975085
1143067272308822016
743941225
1566375664554483712
2339675956
775459712099840000
1571071735725686784
146077569
2240955240
1498309731009667076
1566419983151730689
106716734
1529533454484144128
1021504986977640448
109896469
1551414859
1563356553851203589
200119277
1200455690504097793
1517530247796772865
817563712928161792
1557292826534322177
1554639679198072832
1567795996112916480
24901620
1401547026056187913
1550546210318159872
112509019
32876565
1534555372882649089
938207527304613888
1486244703934685184
841102423208939520
1478577844225667074
82411849
1053829694
1495702955303051265
1528683905766674432
193159589
204243444
119666490
1471775031269240834
1415939071218696194
72891284
1539381988829843456
1570825914417553409
1569771093489242112
1522288993685192705
1558162311495426049
2793805748
2216547664
739933589580701696
1054181859561742336
1496771348655398914
999326753129558017
1735241
995285095
1287727767463706624
808577543460814848
1291224587494133760
1539742468748574720
831927152589185024
280705500
961241034960367617
1586748008116486148
1237388339650551809
169558714
1574848566803238912
1044938035467628544
1571606538480979971
1132956748661190656
453210489
1001802820482412545
737956481941803008
3226162437
732748561029337088
1481240535931179015
66320639
1548756455309955073
1313775680501538816
1570361439629484032
1367240141379616769
1569163813873946624
1547545322389487616
10957732
12447792 
1388144190660431877
825354000727891970
377989809
1588253306819846146
2496271447
914461098774007808
17309923
852509897614925824
1392080658021842945
1455843111041585152
1579275163795091456
1585294041327058944
1566377589282725888
1539635168167792641
68764300
1446518997474856960
1451557406291505157
1395450600540839936
3142005903
1678341853
26383465
1569700422084104200
1040551056873332737
361649489
1219155675437314049
1105551124810084354
1421092214210449409
1567980108836896775
1557760242301210625
1321399642647629824
743803556025765889
990297888700936192
1570228418976927751
860435712302211072
1571881920883052545
1184580832083632128
1568679184821624835
1575985635025948705
758510018849304576
15682817
578387227
1497150478068690957
796773711613493249
108553266
1563252833238953989
913478360101244928
1141684331741679617
1540997472578936832
1431439827891752970
3382966378
1369166730728181765
129186180
2347526867
1482757327732232198
1582301207229394944
492864579
1381801577673940993
1568644815428141062
46908596
1121839200448471040
745356979015606272
1569366770934489090
1317619645369749504
1543826328453091329
1563162405970280449
4191301820
1367393928891281408
1462070932478971904
1351273688855932928
527691185
1569522833814073344
1548998346072793088
1562655730851004424
1497823296758628354
121644956
1579158854226567170
139814735
2979023752
185225736
426088689
1531772979276828678
1558668569772171265
1029925501027213312
1189805438377873408
2584515014
1406344794427756548
30463065
571318533
752902251723751424
1422655243112927236
802989770108497920
1120715065177591810
950447567992688641
1018279553293258754
1891985862
1358431230
26962875
179201758
1559035040373395457
1537071123900284932
17530729
2829105170
1577062809967464455
837670438926966786
18979312
1511318647658233863
1080798738996576257
2933804661
785736880285450241
37188645
129448619
1582271460902666243
1250043381331329025
1565240018712481792
1543183903686524929
1579183875942936576
1453025484409917441
1346336368301993985
114738655
1481804815
1563525152851120128
4479440656
1535958598907482113
1529512841476452352
1557043206562488321
1567703438225465344
1264700493462491138
1461017285691428873
1524838965505048576
1567896445746925571
1566202264787853313
52157791
875149176102830080
2851459558
300124812
827746939680681988
1450498027999858691
984296517140967424
1225044197712912385
1548307730540048384
15357824
884482569529683971
1576638435917430784
14630013
1142910064111607808
1572560485463068672
1532097852847009792
34628415
452701319
1363381368512802819
1546754392271257600
1479503282628354059
1395274867201749002
2909769994
157592638
1562157909173231618
15747078
117255066
1151797754454335488
379913421
1498909800113053700
1568439325679038464
1455373480883535872
55305715
820528467510894593
1422925590735249409
1559648693783089154
1580077314389512192
1543839900109135872
1581904859745468420
880276497008697344
1565918585263984645
1546501507004211200
1238515779277996033
1344032152321667074
2879600682
266039285
1569637551719464961
2152762951
919934442176761858
4139348535
272354480
1008299382817611777
1022476898104995841
1558854235135135746
1019360678
1447734588
3905088861
167731100
1371157831638978564
199877699
1447542603122106375
1580574925207015424
1557305102863826944
978886543
1411512815660134403
1258187095526563841
9455522
1348501667340161026
3344487142
1713417312
3244432563
544030417
1262382236743225345
794119097294454785
1144040334
1568562326
717043742633492480
1539253487418380290
1519099028964843522
19842272
172618468
836700491065126913
2469754045
1462090195558453248
15150700
1585249526159400962
13877022
867737510574772225
1057497219824267264
1238457664029560832
272983432
1557072664333778945
220815284
1533518257046663169
2261072665
1558875071002853377
1126761868851159040
1385604354212827139
1031951180694544384
9722782
1558271775380840451
1572135841
1566473245057896448
3436521521
1163984361001291776
1293618920780439553
72008514
22908286
1140586480387133441
16652290
1548850977775964161
111048889
1497301920
1569566095086075904
619230830
1361725867433619459
1500845605685534725
458990821
1346256970450288640
1438554764074262537
946725063910477824
1571507215718031360
1251897644911296513
1388744924867092482
739352530883358721
1466776750537551875
4737541095
241581950
1523257498395979778
1446504022580477955
4295575813
1075381501573750785
1566621478334132224
1568897350008971264
15485307
1469508609142784008
1453668841347768324
1570841042680791041
1504384440100958210
1184632502184501248
1351278503493300227
4710974593
1430303260615839745
1566416814585823234
1554638767771770880
27027881
111593377
1568090596417609729
1568924322919587840
1358433657850109958
1586337784478171137
54141829
1566344530865147905
1554460033844486144
79716582
1434149869623578628
1548513557389529088
401773333
769131536994095104
1516864836
875304500
719978377952800770
856334664
1363516281371070467
211083012
725167255
1113657995798433793
250754674
1508169692413845508
143935540
1209077599437238272
1088118721787424768
1379485166364581890
1549404535357054977
1463645582027800578
21550447
1571286970810220549
1553163297532399617
1454973243731980289
1242595777
26032069
2841826715
625318204
3073156653
1022464123639148544
257151647
837776422135529472
1183167208219959296
1565346097048211458
968222028
1449744625149915138
1532676293568905223
24787861
1214642079441154050
850204514556682240
1524800261583036420
2359432169
1572644032790020096
115509050
845883960
16703101
1540968775008272391
1539040976743763968
1449382330636726273
1278765304756293632
939580941240078336
17536701
985994929569644547
1570802927190564865
1404861559650803716
1351206532206252035
923485118
1652037109
1567636451524853761
43196616
1316826409604653057
3000035392
1129058595876638720
23610026
1569751368826511360
1503751971769098246
758017064946761728
1584787196946661376
15075512
1258706294988390401
1487952602058956801
1563329060276645888
1572483916912631811
773949381401804800
1565136823067856898
1299391336475504641
1434804479887511553
1551164211585220610
1542072149879529472
1485509938705473536
1474069594751049738
912985005030350848
1566442950518792192
68806177
1456759816156766209
1584712798923358208
132622897
1923598170
1568631309920047104
1565750459725484032
1568743211715424257
1063854563567042560
1337715024505221121
1422889418684354563
1547622999150305280
1470690144646836228
1513057047364964354
2866378245
1570304208091418624
1576685150393581568
1563410569172221952
1578328061036138497
1588573965102075907
1583019721024307202
1545001914257051650
1527653483314151424
920348822
1563959328964354054
1276866000063881219
1333835868050776066
2959696322
219618420
846591595
1398899221273645058
1361122626458902529
1364689914466598916
4149432975
728630307298021376
902862354
1514516317650497537
1548089015273791489
905346215600160769
147052303
2850449755
1080514685760430080
1545183548390375424
2290115266
1552268552102903809
1569301967532351488
1569081508518055937
1565511544594567168
1133299440
4695484982
900335799077658624
781188548632326144
1516070162973470723
1374336902459924480
1573996919571062785
1701977791
83310781
1219107441377533953
398501267
1138844680521736193
1572610349341478917
237244779
14934774
1519174457092448257
1580694463810359304
224020128
1363179873590595586
1304080496683487232
1569052395040120833
1403281001854480384
16460186
148201585
1952993282
1458394465454936065
18660763
911182466844708864
1583345718169075712
1459554237025697793
1547975538240696323
45615389
597228694
251196374
1361940156891201537
16165387
4401154394
20596051
2924594097
1418334632211361798
1075986548158418945
7425482
15344748
348904779
368370629
951131214018002944
1562219479702327297
902538392411525120
711206352044040193
1486050989614694400
1531108609106804736
950201342
85867980
777674502
2249847956
112067146
432365580
1321073228987727872
1405564853817724931
1519358190
1568269386397655041
1519336609748897792
1655447822
1574993553930993665
835844292329488384
967817025694326785
1384183185236320258
1439654541654384647
1567392431045488641
1478134669229101063
3364363024
760089305029062656
1435730690
1564235331280461825
1547786666
1568973919154995201
816482977161105409
898530782481965056
1548559365938061312
1394078005870407682
1252639785602048001
1529585379644428290
1566170114952765441
1191341948205981697
1026652635523411968
1465615301039595522
1557980950050377728
1422042240759877633
696972575163854848
1509939584582316036
19663365
3022151104
1583540767129325568
269267311
1111023521822638082
348028362
1199359436625764352
2348218465
1562426167369404418
1493612890623983622
1486746674655547392
45908046
1569389397136609281
1557720205194760193
1585366652979449864
376469909
1389243310880010242
1476468737553350657
2525230710
1575142564814012420
880659539774853122
330063571
1553370002291675136
39720895
997025193758343169
928692636633923584
1562849751132844033
31645613
78729443
703595641
2166588591
1579685915697430528
774869881925894144
1559592339001249794
926181871549079552
1325330535850283010
903289158269112321
738688188256944128
1534838733442269184
1557720132876546000
1569457955250249728
1563033033581596673
1401405662081474560
1568056397979336705
1019014136590630912
1577647339853987841
1101453391086211072
1547173913653919744
1567073891566383105
2664
1569509884869373953
2926816948
1537769848742334465
1577589992838275072
943081725034299393
1464258927575683072
167938809
1209427423718100993
20169430
93514727
1572942983229763590
1566060722437636097
1562483101397159936
53387882
6176772
1529884061233295364
855853249689210881
2872661847
1129863784749776896
2285521267
1490133974798290945
276799630
877854939703390208
1575604941921857537
821153627339427840
2472662311
1547843176584454145
1137112013488971777
1511401003635126273
924608056285052929
716872574651744256
1564669166770180097
27237264
1190784410
1463601474953306112
1204053309532917761
1011512668442824704
4851069406
2277884389
4864891333
1564861753027989504
7426632
981584710403964928
359882971
368011540
369548137
1387999401919107072
1587095644182749184
813413358602960896
1583819358396104705
329961657
1533173739524857857
3112139627
1403477305
1573395935605964801
1089724753080918017
163168151
4447726882
1380589668526252035
920188196188770305
22623431
1085863474205466624
1345667619454640129
1579384767052746757
2876879737
1384077643910316034
1559214633390571525
1570070715742781442
1265651060322062336
75548804
552118858
780392661417091072
173904545
3799743794
1565498769986166784
1548136113314836480
29087379
1204782665980710912
1587830174619426822
1534606476341288960
919494858145873921
1355009458879877122
31745322
2832531874
2884963054
1546741176291704833
42957756
1570398918290055168
1303397665
1570083671880904707
1098354402363092993
890725735840841728
1340093943879512065
36412175
1688712535
76689333
838344381203628032
1588704415095013378
917683753647996928
107480493
345234873
1414410964670238720
1582389095673782275
1569082160929202178
1445375922564210691
1130846968782024706
1571604375692509185
1582631738664136704
1408112316617527302
1143727340
2271733431
916578498772373504
175433916
1097521844322590720
1276901838
165265445
1535163731730223104
1580432126222155777
974186807075028993
1299336607674380289
1082546742745280512
1569904092084051969
1525075533888860160
1280840642235596800
895895868204871680
1577289022082367495
78320426
955810536893100032
570784039
752158817379549185
805466630138437632
216094523
1267444590279372800
803661051380133889
1582780746241933312
85063406
201350973
1583543627426529291
1524855817
49012629
962005997223952384
1536760443150209025
1401178571121459207
1567813460804911108
825720080688230401
1565120890131595264
1566954929004187648
1518031844473810945
435258235
2965745818
1507824488884289538
1580344893079261184
735579462113185792
14602525
1438195281259020291
1514883105785630720
1215251411375620098
1303781540116262912
113527454
1574573765601607681
1882895509
973580783377141761
1256926503503384576
1372883028750565379
3001198688
1563737085814644736
1374866375135481857
36027911
930802147674931200
998345851444518914
188326337
1131877894588731392
839321
749794555
1578647451233394689
383557226
1563507832019755009
1440963257074962436
1541651694974488576
146395819
219987240
1499950339159515141
136976940
1396810477162930176
1552535692877651968
920863687715577857
1231780311941492738
736615277790531586
1449158207872671749
912881602237100032
1217640603607060482
1404463399942111236
1563440112884600832
1361444180669714437
1305485048725020675
764600025485832192
882687090764414976
1178251142637088768
1475202817480658947
1566627866741293056
798116522631852032
835869803755765761
1564093971193888770
1550048136856420352
2701408981
2906729879
1558859096434135045
492420180
1187642542411698176
1574326092034297856
1386048668596244484
1384355938103177216
721513575949430784
1567042265012662272
136714620
51773417
983904280242515968
1385052929825153026
771760765854371841
1572215904074862594
1443057982481190912
556293036
1521861103550365698
1589045746841657344
1553427217010622466
953112607531073536
1914716089
1563159719996694530
2162347582
376164481
363341250
1128047272745472003
18234841
24933826
54410270
1457816159953293321
1570029677330436098
1566336892588945409
303530776
1548968833402212352
4727271442
892004348338860032
224359046
936950979873984512
959802431231143937
1316873652835680256
943586419418845185
1407765742024630276
2813922643
1470281
1536448324227801088
1514620489439793158
932717615683981313
761877248198574080
37933526
782223693816684544
1546695553383223296
747074322993287170
1584924882332270599
1355216914113585154
1566121430638825472
16207775
244345807
1576868174762491904
1447272420067393544
23051840
1540107980414324737
323897253
1583519727057571847
1318052063402586112
1547586135982895106
1471416409716510723
1072471843251122176
846041729786695683
1559172185016647681
1567620804988502016
3136422217
811872699513532416
739931618798886912
1122611402617839617
822966412805361664
4704446481
1581904136337063937
2953474768
824368403314069504
1576944792801517568
209720345
698205268048482304
1523691589893337088
1392247161233018881
1001389856461766656
918134328231694336
1298734747330310144
1568165102825734144
1525617379807580164
1146478704094322688
1572954708125388800
967146834
1560268108660477957
249441251
1530162812248592384
1578874153091977216
1367895557545594884
2513124595
3313980211
50256237
1526529519015837696
1524101338594004999
1526963509724164097
1532524307280064512
1565418318760140801
1585748391602036739
1486110445866045443
22756846
1529814019556593666
3235331190
1583867004771266560
1547140853461835777
1559913494186688516
2337323300
81433748
1263352206193033217
304962915
1533039737551917056
1223905530458050562
1515664054114983947
1060669080557047808
1563121587892948999
501076049
56161117
1553164425724575746
1389395011247165445
1507848844549099520
1534920138771734528
1854273948
1567239669384896513
14977636
260089724
793244866243276800
1554750296068325382
15588825
14169200
793546260498219012
627776153
1188875104517836802
1574722108508209154
1491043269937176576
42591449
39219018
250746219
492290565
1563194178590216192
222547837
1400530758737989642
1431482893721812992
1491560308636225538
367449067
468921665
976104847022985216
1573253863804588032
277600131
941314114206519296
1545831728006270979
910310831132463104
1557179143632084995
1274928016519462912
1533522244613570560
84929493
2839638485
1553069270938025992
1566574860624871424
22773457
1442929954031902720
1483993469089636357
104790170
1539585695433592833
1548594384505020416
409501734
1528517857264508928
1462636157683052548
1268911124105228289
3017747393
3025018083
1574352589369516032
1263853536330182656
193275743
1519474313530904576
1147988963371544576
193298519
1309161863217844227
751441056424603648
1544796417218162688
1570769061713158144
526649252
268305117
2147141
1263059408466124806
989699929609138176
1442991897950162945
224879564
1548632942112608256
53072471
1542459484395769856
4087437558
1549950935627345920
864174887270789120
897889169766273035
34000178
1529280450799095808
1569615925791555585
1065039520071065600
1587345360099606529
3320549424
1548984083052920834
1317503701532078080
1567785331126161409
898229949378830338
4836357252
3102728857
17001434
1477667394
2893922210
380877050
892691138464886784
722889951457734656
1521669767945498627
1564682543634456581
254011159
1574322597537501184
1514252614896037889
2821451759
1571505730829557763
913937953763872768
1526561791089774598
101443654
2334736147
1387464838163701760
513781466
1541893665290846209
1512469118452211712
1568658341928345601
1546471428861607936
235439535
41531620
1351763237709127680
1434171445274361856
1529109987171385344
744930940200296448
892824893993213952
1496345814628651010
1096550388055060480
1519041656397475843
922351707836751872
796356543407124480
1418322480192704520
1571390833034924042
603913233
278282805
702793560337358848
1541833839265271808
35745753
1539492926
1584282049141252100
923868749291192320
1588468350224662528
2296734157
1567966253884522496
1407601206223065096
70422136
871754138899664897
15783127
1507069934391734272
126711097
171517296
122677371
113456666
15258736
922704114038996992
1583734996090568704
36660700
1578558119545901056
1480613969542983682
1504208203110055936
244560335
2560851303
198635418
1572212408445468678
1379524804768845831
3125155301
2899213697
929742747069640704
1307033605856620544
805171967024332801
1510166991164043265
965318554714329090
52653957
1518917863213469696
1567382245585059842
1249775732936437769
1577943526465490945
869529486529675266
1114642740367646722
1499633340928098305
2234311
1261952229940105216
964198108476342272
1489910547445256194
3240190259
1363235960159363072
703032118482485248
1468793207538528259
1441891293752217601
1148664948869832704
93888475
1566058000279822337
1441022668766126081
3016459801
1574541225532837923
1570579836837711873
709359998300717056
1357973876395757568
1359935935
1568322981461463040
1464728494743642119
1562524074781573122
117287580
2494053732
15822191
609488719
1568501631058153474
1546627100550934528
4330781117
9463342
1558794121254412289
1313508339075166209
114140278
175909845
1433004961571356678
1340841717172371459
1224422719082696705
1257815365326864387
74506042
1524511091182780417
84439844
806853567839498240
1283010678312378368
98709563
1156179607
1009528128140537856
14460471
58425961
1555001545066184704
258659123
740256827997294592
1467753793647480832
15747743
1546643121005625345
780701813825687552
1567720983322050570
1566841378692550656
1376815978974220288
29879330
1548744731387207680
1385768684539432963
1588025279259312128
1569523789037469699
3603573023
1164327594675920897
1095373862672494594
1482690138
1534502154064494593
48254741
1567023721705086978
1576519621041061888
381618078
36466855
111186520
16583309
1538585066728787970
200921258
938747078209138688
137783168
1563968080736550912
1277788173498810369
1564767478177218560
1557728498298793987
2740147945
147084138
1569136088937119745
163922704
1536697623083720707
751484658618097664
276242243
1560131779880980480
1410545635271397376
921690147682439168
1549049695108055040
837644355540254720
1512793831514722310
1514082702890205189
1580326906263736322
39981530
1343529032357298176
1070993469919895553
998157220561928197
1501281863549157376
736187340750721025
1553886783024291841
1519261874319208448
3951876854
142403947
1497453155877072896
1561385067850543106
972331189540339712
1568004956065771520
243264557
833678154430631939
1493665673624571918
1539918569131356160
745045231016501248
1101484295531651072
1568069174903336960
1546716362680270848
1114290414104850432
2300080989
1106487853171638272
1549541590775078918
1216807421471010819
1581841019678736386
1004204797
1492432367658876931
3050827509
1435775174343753730
2732754859
24800281
1567136947415711789
1437886287676153856
864781737951457280
1705208059
1537546313453166594
794132244520726528
1581059650962788357
1320671459417575424
1568316525605437448
779266585366106113
376085059
233895309
27255095
1586802922154872832
1285927485071192065
923285502912016384
886118180
1583114069082767360
1566627721165545473
1508342333015789569
1529491320
1569767209823801344
1346546204
122549865
1557281006088069121
4090475363
1584164937110282241
1541432420003680256
877194926450147328
1443259704755560448
1090504549
735228714569465856
1557802678205710336
810561433356353537
894939056563527680
65557261
988472640775114753
903859558547935232
1585607403399176197
1556668400805502978
149038850
1524406184966598657
785760973697101824
44840512
1557747964981891072
1375213414662873090
136164394
1562171815388016640
761951816041033728
106598395
371085769
17759066
1558975445038731265
801638135444582400
1585228040090574848
312673453
900272445902290944
991295500874854400
1276492956975927300
1572323213379571712
1301742288939356162
1472731757770199042
280469292
1084464197826736128
1487817783266070532
2858257963
1564913239653199872
1488422567945850880
69224480
1525176075952726019
1004505315742629889
2459804342
17826190
3254793887
2573584254
37671558
1195561504403275776
1206869540484726785
378000978
1350310770626670592
1563161494149144576
2185583483
789060294249213952
1470073242882916354
4305744493
1871857986
1008196861570609153
1514573607124574215
1583322328951291904
16404920
216922906
865877393973678081
1345783538252091393
475893628
1500269571143610372
442992954
1547771298826563584
968611623501008896
1050120491174752257
1552594250679943169
1570520790877052928
1395287916784455680
823282441267908608
1301539715452145666
1085974261783805952
410087241
1504808500433612803
314124526
1431341221922754562
1280551644439080960
1507080661718355996
1569561331334000647
1258099959376699392
1567475154589982721
147157417
1060700978964586496
744817821369040896
1568903383632998402
1569929508605808640
1530969872854818816
1511129927235559428
148975904
700999395437891584
1056010732268007424
1528395304009191427
1089535657
347864000
1536774878732648448
970452882213359616
97685144
978561306411261952
528971570
372736478
1175377309676781568
399195651
1918350103
1569756799464796160
1252264562
1562329000714076162
1511576356760432643
1709336640
1550358406669766658
1120609529425801218
3292542655
1568343483680956416
1576241673268768769
1264316075702996992
1579292271312338944
1576977383197769734
1028879906
1559229262800252928
119096018
1345836131087233028
1428561520603058208
98678635
801205638424563713
1488771529123016708
363709021
1577574064490692608
1333495510552993794
1503791900297515020
400068937
1250853208269844480
39297925
1164144377868050432
1324249909063798784
1347058376908419072
167387673
135652049
838756501271547904
951531762932305920
1447226289195139078
708267682332852226
413800955
1413506562
842479691718148100
1587129758705385473
2759214930
1110402407064915968
1587527029301207041
1414417898
993609462077255680
1536180346596708352
988347170314162176
1559098477468065793
1542764960731635713
856214647
1581309736456265728
964096866060136448
779050
1569616532069810176
1552877477550342145
1541728872521138177
1565468809846300675
830908366377611266
1354119153242796032
259482318
242159083
1525746489984786432
1556711202486734852
1541134317870632962
165357713
1128660097868103680
3402630645
724401048023097344
3840872956
1563595957144809472
2380786724
1492010367605747716
1091391877570576384
1570415703747862529
1518064162077052928
1501225035717087239
1550769887630458882
1553371734337798149
1427808875013722113
1572086901972279297
1043601253576499200
1547252102409252864
1539900175707443200
1493917255624712196
1501853993294835714
1544223580179005440
2839305957
1551081133345239040
906837768851959808
1558026865154985984
1550036908939837440
19223845
595344366
1404743657446686721
1505975565043572740
1571797444299726849
1394505711342825472
1444194914950995970
1587593475855351809
774311336645955585
1280596175847067651
1584920663952969728
845212701206941696
1550757785780068352
1225071943
1342476488
958379530401566722
1568160985742966787
1438294264878862338
2337383712
1463032826593308678
1578462873474539523
1552521184687886336
56660109
1525213754471981059
1282686711550676993
1576625890292891653
1160930519678443521
1581037054263283712
1360213950210707458
851832600947818496
1273375424668565504
1569601685487759361
1585164950309412864
252475152
1563253482068385792
2512473379
1344402790676836354
1247144314699833344
554992112
1355989609226919936
1568803110587453442
1576601411676151812
20446060
917508989524443136
925078114031558656
3667368927
2496045082
1214182381524938753
1151842915527942145
150340005
1414487435912925192
66543
861231662767759360
1538239235546914816
1456240905619492872
38657249
112656821
73571095
998403739
935369624006381568
2979171304
1240559514987962368
1566156796795858944
1302341502803357697
801068428517896193
1569275459140984833
1442749266410147841
281244257
202301184
19129910
1521848667518369792
3392849692
1578371247628435456
1539632129285525506
1544728903054409730
1498566837025804288
1570436157736886272
1570260120449462272
1131194479065542656
110541730
1567148665760002049
1510157931605639168
1557728181016477696
3198126672
16931939
1551499291495129088
1449485489321529349
31245455
1566695540242501632
1434350788558553092
1530627562120036352
122650489
15037001
1289218661803229193
1449858266750603264
1574744337887412225
1500872024369119242
1519641491869782023
162102030
1313867462253916160
1587242721772716032
1424811167239770117
1417432054908719104
1503525110648516611
1415923904879730693
1472932035279097856
1565439522388705283
1349238488
1567833227036950534
1549980334179160065
1569634778831532032
52877346
1475649701622042636
1434202285186424834
1569019153071185920
1560085519001718784
471719669
882632260956164096
14146435
76518417
3383060745
1409986071954395147
1407425557667717132
2834688343
1558737379283845120
788213886721765377
61739024
1568169523915915271
912979054059556864
1568506969966919681
913128578081947649
9941282
1428342761808355328
1445336216682090498
1416935459180089345
3251063311
1526370439555166210
277515897
52597823
1513980316364455938
1575437044503003138
595152483
1530371
1096721268521472000
1568530719961399297
1122958675575037952
1547729477538525186
2450369364
1477256051552628737
282108435
1076066183537807360
1562154020143353858
4305925581
33182087
979040263850086400
988274136324571136
38901957
1504020456097034243
1569550844558966786
942287234941800449
1563841808819712000
1460062451014197248
1361937812946305027
728620325710213121
1239952090664816642
1392345364511039491
1234669555932266496
1376093448843915265
13547372
8381512
1245570720
927860309506908160
1581204758970384385
16386669
162944351
1548465972717137923
305440031
1137356332128964608
1559216274349105152
1546360112587194368
220378314
15714701
1501223833080320000
728208218283872256
20590079
589704668
1362672650867376131
1153279124930203648
1569678395809878021
17149618
232877932
1242985975594156032
387509874
1278063807412047872
26570863
67282933
971099506493349888
1007132787806048258
1513881785922375682
12705162
3304640583
1461660082224181252
1068215673233510400
1270768844508770309
1579825257816510465
262208427
906708177609216001
10187882
1561108460573720576
1410580884223315973
41424556
1276242021825613826
1010371607666176000
16139193
14861462
320571736
1563410406466396163
997477985417613312
1561564019265257473
2726718480
1577268836570914816
259694835
224858727
1497518462708908033
323382439
1580989336459280390
68950992
274731581
1159715504929382400
374999591
1509322885902577667
343081997
3191518551
223011491
1544215201540554752
1548582273620258816
1305749465744146433
1482702949
1557434695348011013
1528339292786941953
1433912562
1548811593185693696
625143797
952912114745712640
1569490200015032324
1578742481507729408
1564400969798008832
1174640638073028610
1097536766175776768
983154151050756096
705561809516777472
1471703424928415747
1536450083738230791
1571315247318765569
823318724
1178302560500736001
1584721400002142209
1509473384903716864
1556672931840765952
856825410683883521
1563457846754156545
15202253
908448513499045890
737981307385446401
1574876054266707970
1435143563671658500
939016367574990849
18651629
243629377
3066417718
1570455827554902016
1563571699613700099
549835677
16561717
1545287246508486656
963809833181962240
1226870194427060229
1567903507340206081
1480519739814432772
712454833
910132492010754055
1130851133780418560
1563871225428033536
890818788555448321
190931740
1577365182573068302
1364386939357384708
1219797931349413889
1027636730856439808
924355935644078080
722380478628503555
960028666800386050
1355557470773641227
1587961651986415617
26392983
18414117
1577168261384470530
29270140
749375448904237057
2858100645
19716502
126874000
1587117445344808961
1558784212836450305
751158035754717184
1437039255541354512
133406449
17146147
1568965435818655747
1573204866066939905
1559614535983681537
19795404
1410046752133103617
2504300875
14868872
1304205072
3194071636
825723739
1564538490305617923
1575539618405093423
1094075033180426240
1547842551167610880
1295765380296634369
1567894552543129600
50179099
301754137
378633936
1401663706568790025
1563257384235331584
1462957336868311042
1564574036604116992
1532702831089696774
1512568543
20576439
136725566
1382613287209209859
1566097255190646784
1465931868843425797
1489970439539785732
895395130873610241
104854098
1558392532295266304
1533056764647600128
721657435040129024
33827680
17812573
1570083034841624577
837908564203069440
1076128412488617984
976599650332561408
799674489973813249
1068837236316282880
1562264823089758209
1146225763
42950523
1385684562739703809
3489364287
1405397987140915206
1567527172902113282
3375718587
2687616966
975349500511318017
1565686821597618178
2448876326
1135062720452136961
37391190
1560854001402404864
780981139
20751126
1573999444147798017
169327760
1576497569102008320
344896093
44746394
3532689376
1568615430704533504
3025150197
1323605529445490688
97039307
745896138398646273
1153415263716442112
280620769
2340457951
1578798829394186244
1538541861224083456
1242275656739590144
14529735
1545839340269477888
1006314826224709632
1429832297755422725
1539562913358401536
136086202
2869194544
276483651
292985686
1545898750488576000
312831840
1208033321214763010
1329027445060722691
1532056817051869184
1622704754
1191483966827778053
937047540553408517
4430490323
204779559
1572614024973410304
1578725145035907072
1357213910625968133
1431313747700707330
1567987664116383744
1608892718
1557418402637119492
1367502094568194059
1473243316493901825
1579934222487359488
1498162360741089282
1585658109296623620
2911180803
1538553768110866433
1567537633357619202
464123608
2444118469
1253151542678630400
1549710751316594689
871386963143688193
1467720159125282819
42034114
96187332
587714983
99114274
1546883334328164352
1555539319221354502
1582420903
3069904108
1312271561932464128
857261824831504384
2488347152
1570615392988692481
70934650
16166657
1256263340852117507
1534873312953769986
2229505322
1729430870
1407355401616699399
1309303059592421377
1567023650691518466
2797980684
2172829751
1567238864867139585
1106653487264219136
1553311228700884995
1113379830265937920
1235355195552432133
1535006876584185856
1415001366540521480
1498180861430218754
1543408621496987649
1514694173345165319
1577939242738765824
1560505005396082688
1576762740651204609
1588477587566755840
1523732326215294976
912725240337313792
1184451248457703424
16018138
742757051022086144
1567082840009089024
1506624150441537545
1395989817436028930
976474405726556160
913906976094027779
1537622958557974528
711992941535952896
319507520
1346041195051454467
1966419882
1506190319389396996
930791504846602243
757228069929230337
955529490154733568
1407760998996463617
1573599134778818560
994541489245052928
10162682
106603428
1368098966
1452446756625551364
1552698462050799616
1567934091135434752
1396835485662826503
3176205806
1509619960028413962
1543570522012884993
180657556
2584506702
160244947
1561676250942685184
955758714677587968
789738026029244416
2351523000
1573847600201080835
1586642547979567105
1509050136323837959
1936052557
1559148053034057730
1574050277996597248
1363602320597151755
102766230
1296375648466984961
1567914261229498375
1371040575005233155
47109050
950562685518716930
981838101025730560
809448116911017985
1566548466179997704
1568174059292073986
1014484743126179842
1559753010494189569
1558051480774615040
1565353431493005312
1404797639040843784
1183953138694475776
1458481652544376833
1552440421111971843
4337516833
1545288302
1058589098
498003242
16963536
337951387
1563670021637013504
1141029062
26775504
14355040
1575764532416258049
1059195990517919744
713204498
1076229522
1534126855686885376
54479903
1468684129474600964
1392653661382270977
701845914751619073
1563697640600223744
1563525381210374144
94072533
1575016585626091522
1387920245323485184
1566957885275398144
1509696893848326145
1369397467427577858
1577281880197681154
1312450583379488769
1580801633985785856
1491635550931070978
1570491796198760452
1574026579151388673
1458046636932874241
488627156
1586352806960717832
720197288
1267934762217476097
95315665
1582518483903987718
1516843589162221577
1334161064557047809
1437248972276568072
1485913673302704129
166079187
1400720512360325120
1437236743145615366
1508658443795632134
248300454
298096776
21558596
1509448591345127425
1548706332055846913
1501154334381379587
1572421300504739840
898762021
1577821687156203520
364763420
64826936
86292908
59303321
1588688433244930049
1564181117846142977
1519666250183544832
1139453902963658752
1284347973657403400
1479843705947365377
585195760
718033333406420992
1362969670534397952
859830359692791808
1548429488135872515
1556235059232907264
1569050538779545600
988462570498650112
2558297552
1394236250534686721
1565649248997281792
3699490277
1448755695902511116
1466828844921356290
1114578483269836800
1206841560702210048
1563019306127872003
1548650770928640000
1564185501636100097
1229211333238849536
371162471
138098394
2894269954
922840588071985153
17446365
1566873954953879554
1314200410257727489
882609803557842944
1581641572944211969
1571963941407842304
1151601663288852480
3346969035
1205526204721307648
4922054173
2902329588
42924671
1229998348029038592
1564756801588969473
143766714
921363903078129665
32640676
1257694510366294017
1408483950679388160
3116765931
1579474129077534720
177257171
897314846043062276
905842124645683200
228040559
1559358429893894146
2302639296
126084009
1566354109309001728
1567384369471406080
490676647
922916751792369664
27044868
1515798513761894402
65272051
1013232376758128643
19826802
533323854
5749642
1562531479162593280
1550595920617693189
1576286872774615042
1053588020086140928
835405948755841025
3654646937
1249391434534473728
1383010117998628872
1565551144671547394
1481120472431575047
3402306017
78717655
1357096226014035968
1518954819364470784
1557679627082268672
1233749568430497793
913070014491709440
1569296118168825859
1092673012313206784
2394498983
1242868336486158341
1561909989723209730
1286305235485556736
106503346
1569668406043082752
1516509484872568839
1517176242
2353095493
1570333130485108737
1556295221348290561
1540686009486127104
1505839114054209537
1000078150208970752
891011345885351937
2974770634
1479123114143281156
1580139860026867718
66202975
1138329151990095873
1519279645006385153
1450280695994191879
4427129657
1164439388983562241
611717303
1072282855277916161
3079202325
42131622
472916931
1541641470612066304
887742924535906306
2360931728
1417552497007337475
1345130504199282695
64427431
985799098174464000
511358057
1366761466502799360
909784041460785157
946473282613551104
1538048305971834881
1374924801337221121
1546925662761619456
1571831283587887105
991892036289613824
1579752368077688833
1568983384705372163
1442164794543394816
1326430539318964224
1588109292103688192
120675100
1348064038270488576
1271806182
1253958749787762691
1532074258364567559
105519078
1246470451183808513
139272136
1547800811123912704
2402568709
135427520
50126356
1900250784
4713844098
34371597
1579382999870840832
1562720431970275329
1567851442718887936
603372416
1566231586680766466
1563776105420828672
1564739838217166849
53368069
839148548054724609
1119058880770666496
1185916843216658432
1548178143671857152
1471100276102742016
527945473
892627094081024001
3009410548
1568873546436296710
2801597455
770326220995125248
1551888368358899712
1547854820685467651
1505293534336888840
1580659781018308608
478465486
1976199294
1565169201806974976
1570063461232558082
22725841
1460395817043259402
1573212523536519169
1494061268222627841
313809911
1329012925764399107
1569980964968833024
62476553
1497674350954258436
1502013954981249027
1566473197616525314
1559543286322323459
14111013
606938856
1567392561081221120
899505280920276992
18769983
1578387191876788226
935914397653983232
1559300358383583238
753717141392748544
1585947066697654275
1531798957491245056
750522324529532929
1486680758
2318000749
856602603047854082
1569807155921813504
1152044552955539459
814151081110470656
566204936
1536656275219488769
1236930757857345536
1118987633579974663
50109839
394815521
1430779837992607747
1368679832
15035096
1089108094049673216
1394522387543060487
153389475
608116268
1548475373792309249
4738920379
1373255751993557017
2910165084
2985219946
1505964549928673281
1391442153696645121
799453974692818944
3298130656
1327405098398404610
1565618392287043585
1564916359783452676
18805409
1336756170321694721
59935128
1043229769012310017
549439437
428664905
1284273944
573553728
1047091409243844608
1433339220282667012
3028614176
394015406
1427578566871588865
779250326574596096
362828110
262636320
1325211489943363584
1381917003699646465
29959495
151260965
1496389775838031874
1511114745830842370
1483187866285101058
1328770577520320514
1585478329104220160
1438544045790355457
1567751515611201537
1541888730168021000
1460782133300109314
1519004309018464256
68700874
955124732264792064
193226072
1558075178244096002
1500839355010764803
1265757577830453248
1566312330937638912
1305893395521363969
918590972656619520
15941626
986648763631570944
1453002790188486663
181897921
1505609830077112320
1557815948198961152
43954446
1413218999765291008
1356073428
817053092541853696
1278710103726833664
1556965784408162306
724930131802869762
1567877740107292673
730590758479204352
1215228287468933121
1449670944
3165706801
1530984890652565511
1539906035019927552
531604692
823798488446234624
746338159978491905
1566464240608755714
883136620442079232
991712503787868161
970757427883847680
1560720990476402690
37898411
1466558486305771529
1229542895851626497
982756406418866176
756928722
1347105470113320961
1567696410094583808
921482418074161157
14936574
1345525653584683008
1175447560909201408
1561489259449688065
1060640489244893185
121151594
17392332
1552449228152217600
1344996238630948864
1561609651560583171
1567676600581509121
1566693657251561474
1374411900616773643
332426375
78665852
1867739022
1070082335570198529
1905153692
807974192
2291623939
1349389578608771073
1378439935
31453920
324137404
1135284688132685824
1423942514482970628
635251968
1270117883830566917
1219018664432803841
1582595020208705536
143177475
64774543
1196164555
1420271992884760579
1398636091125555202
1247252244556328961
1564776180884148227
1443210174391635971
1658708918
1220781
1385153799602462721
1475248740785078275
60565894
204366811
1083391416695484417
1570517870047641600
1166028552267018240
526414009
1189948318543220737
1492564887775625218
1106222683715440641
2271234278
611724094
1266919250544988161
1149620497287700480
893597743649837063
491514612
794591089923526657
1558096445252591616
271005746
1566468126828625924
1580670655074373632
3197899529
87543735
987256149538992128
208159001
14409906
1569912599290036224
1359557153955151872
1213377040440676353
383717914
4338452835
1491019364145025024
20703026
1567055633601495041
1523726287185002496
61279513
1565601427485261824
1251218898415808514
1560328936118071296
16463138
889937272639979521
1504365754338013187
1417497354706558977
1143236369541734400
1514852673908252674
1579174016304103425
952638408614060032
1291880896279097344
3162459391
106005367
1291400152960258051
1562626671890825216
860215744461668352
1573245914994589697
239867889
1575737167107985408
988472739332870144
370427854
1408714778860830720
96801858
1224182772
955827526315708416
1356115937028530179
2298426193
1566660024801366018
1570153216741986321
444566623
165261068
75943762
1588615258100404226
579074006
2282604301
348272591
872005050742312960
819694745530220544
1427438093632684032
1547601406009364483
1586116870012272641
1179804543565078528
1253786465403908098
1471967792
1565543791607562240
601948336
111207319
69660988
1556286957533237249
134949799
1569856856633507840
899287065443143680
1557488077341442048
2468392638
1433435499562164230
4842436888
1562611083151802373
1563436268260069378
1454249261873254402
1430637420370796547
1417728434835439617
1584561759972515841
1548517522571403264
29275098
386673920
1416381452502118408
1564839226797080580
1548937420472713216
190167244
1497684448485199878
1519701670699094016
3259068075
1568027866629312513
1511471657420009482
2825976149
1507257038388092928
1542878375508860928
935912055093080066
3548188694
1574830496315764736
34982677
1529978280362663936
1572150233341083649
711113103421779968
18834851
846507408369356800
418042265
1100086404590252034
1455826303916052484
1570421197501878277
50431754
3401612866
1090006458954063872
1568398777710518274
2728657237
1565556945364439040
1403934095533608963
2399702192
112840863
1385269761874042882
1553606945021370369
223640763
1283350069261922304
57322287
19073290
949865953910702080
1580297232548601869
1585332689548328960
1464931666133143555
998169880976396289
979343260383678465
1359632602416746503
758780635288928257
57967619
825241762503544832
1570383619952152579
480875170
5879522
1567143252750475266
92803080
1346938488038547456
1286251715654750208
1578582864223936513
615414114
1450111342216626181
317848780
1581188366179176448
1580684978764935169
1378427958407307267
1439037259710226436
283446836
892549043766910976
941945827907514369
1528085109949480960
179436826
1357872949814956032
1196567998720552966
1469015198996615171
1551090196841897984
1569783193573670912
1515483921231753216
171247493
18675241
561418134
2518896421
1543529843064725508
1587077038741020672
26857367
981603287219793920
1187692908121591810
82062522
1021322525287026688
15483198
1553425521517658112
1490667309995859980
1552409303868383234
490465926
18251249
1571396790028468226
747878668521766912
1506741575568736259
1567945819642281989
1409148277564481547
30487076
1299276588543029248
1008159338
14513049
1564187370727014400
336655109
3456737794
22441918
1193958433730506753
50905453
1543451503201243136
67888497
923552204543242241
16944901
39945853
1197203984265568256
1330431006692749317
1512890304755601416
1548275981625876483
1479147378427011074
1339967492941332481
259091717
1571909836815622146
913007390
3812469073
1459487773308723201
17960088
1567930312071446531
1558112292465770496
2732169588
1449454902
1177554212
2880225943
4889112275
1512597776831586307
30179517
832493624533225472
515325247
4623947027
14562685
2229756789
931126554071044096
491070192
174954034
745352465747484673
1245729434339921932
1498412305087934464
1568927186857476097
254436420
1362566731819081734
1289958774804013062
918930872866410496
1183618583743516672
1569003476926996485
1301869869898571777
1308316738195513345
223041095
1513981778280984576
1232299328577953797
1536395273450278912
1566685423434633216
1483775929985941507
3188618510
790448207591383041
1553377663951245313
414897938
229057614
1211214277727535104
315268175
2917533550
1541791087005937665
1565254058922893313
1588809472713031680
1475116509085282305
1567755554264850434
1164935188817666053
1537474080722456576
1465289058016546820
1499761793539133444
548356067
4309042456
1566215710526902274
35263807
1511414111036493828
1513990979786842122
706523775152427010
56316699
706129621939560448
14184981
1583263597513277441
1527139762972524544
730822911842484225
1200098496
1282563910332080133
1569120754997907456
727637960850558977
288451891
1350205931523551234
1401806998056886274
1374979452111753217
1165000057344667648
84112946
1582772080847773696
338975121
1132859261615259649
101716120
1306472323499749376
1095347760
1460850782736039936
1582769399618052096
229597426
1515347879329685504
199729835
1273851253148258304
1475336404888604672
1031986217133301760
493127037
1572946852114210816
902512060201828352
813532316
1578185000733872128
2393814057
354549140
767846528182616065
1114162389643976705
82426158
990598596960641026
341968023
1332526663381307394
1497301440154542082
1378741657739354121
30135909
1566738508915609600
1568224116032897026
1515078722931634183
1384941802038382594
1534785749580668928
28628636
3420553293
1332385575882649601
1547600484051038212
1517603607411105793
1184665987259330562
1564425037683208192
1553074619149455360
165429225
499900609
1573359198330658816
1301657112649629698
1575200821813329921
1563397415847493632
15323563
1392331034520297477
70819927
182421306
1470605144341598210
3212995019
847900584980078592
1020592646916575233
2228750406
1434182746587508737
1104108483723579392
4687475636
1570133153037316096
222690069
1110548131085733889
828370173748977664
1138606842051883008
1200663818973564928
1559431888145727488
146966706
384916348
837957593565798401
1023995694934372352
1008763710167535617
958749379682332672
1478896954868338688
919588930818793473
1455237651339137028
1580178523
957109212709994496
223794754
1568824127212879876
203831076
1587034829371183106
1576603216019480576
1292328506605502465
1504843647774253057
1562347810057359360
391610121
1051416906354298881
919939341165780993
19628766
78778319
984031171137953793
794683863645573120
266712383
1518244733830713344
1569473496971096065
1585252890637107201
905836918159663105
731144107217825793
1575209873465577472
146341874
1356634365787332608
1187988033167081472
1448828577781321729
1567939259050635264
249323174
812715236255887360
1565789101160366081
1516813977749430275
861592786667261952
2333027665
1567368207089926145
962458753978322944
955083398846074880
1543610774748336129
1557332072632573955
1292531198
164926964
1138258158898618374
1193605675907272704
379685521
1578724828760121344
1579776394174898178
19111228
79302229
752932364301570048
2599565678
1576770121619877889
2913303592
1582567838698569728
1458630116846669827
1565447779333332992
103686818
1567679206519078912
215546893
147416652
1153523255325548544
1365072717075079171
538820118
1359219303015399432
2497796652
1437817447613087744
848979279597711361
18144249
1551153768661749760
1551946646501691393
1259934035280871424
839425072267853826
1469932176879800320
1009145085559230464
1242348511330435072
1566459630594965504
917455438530170882
1501506928152698881
1406301562805305352
227615178
809223659499835392
125980043
1536400235181887496
4641927139
1574917701654437889
1471854187570991113
1540950710593867776
3255048247
14121628
1560036207358316544
1569302436577427457
1540774600329482241
3045137635
1572187023309508608
1256056670
1471057680907255811
1209377253643018241
20507526
188021137
928164093495795713
1083282229252575232
1476890897346224128
1547332800331890690
915172773726744576
961305206872051714
1292318666
714286238597951488
2686677842
419935245
1573339964330344449
953258927105470465
990962745997701120
449863488
2332033435
1343357683378900998
40240906
2339513390
1254738208262369280
3586923313
22145663
1461872258574532609
1573840831328428034
2200777441
1566013642994483201
1435573671494504451
1549693938357121024
726341835858300928
1368309102661820421
1537136323353464833
1564967525812666370
3280024760
1580657106247593984
56067475
1566974769232510976
1415158549622054916
37849494
14666769
1570009770899439616
975754892022308865
1006574456540680192
1547155537690771457
1539976864290131968
1019187025
1132339390590726146
1562797107651551233
378797090
1543752453706899457
3121394319
836998099318923264
992100253
880675532911915015
1571885678987722756
1193970753278029824
1246828312153874432
238438059
1359791389349994497
1851551011
809708368923336705
1129612243098689536
24194435
790234198493847552
966763573996412930
2556637946
1554576961246150656
1433926605915688962
2991948728
2467180904
586730979
1563956614985547788
36473619
1455327668375736321
702390082540539905
1231011384340729862
187943432
1451687074034298885
67778428
1400606384845033472
1558057220864151555
1426868474551291907
1023231873076494337
1368609676330491908
67592166
23077245
1467877519273730052
25913079
1564705416923303937
816656101571784704
238593778
1534993818424164363
844625427356422146
990897586671378433
908759836401299456
885855053789118464
1405156811796357120
1095415915183783936
865814201079484416
18680980
1266479085720649730
1547995362085859330
57329672
1519017823305150466
1436006397594902533
109846351
176746568
16651670
1568632763854778368
1586548976
3174461267
1096834602881175553
860710890
1536330931732197376
832605866
1587158824598863876
1558720193295269888
21173013
837152142276308994
2911539021
1497867331237814276
1434581772952551430
1566231638576693248
4704936552
1069833668326125568
1439265257894170630
1474462492365578247
1139011398023860225
1036989625028489216
22169853
997536616481722369
1551396457508270081
2961266140
1496429105679863808
1374713468876591108
1186829908846239746
959059394620284930
1372424410867458054
1568085390862745600
1557013809167990784
3190803276
1580670290895556614
1521850095121092608
17530908
1423850725612924929
1566495768944459777
53896839
1229899109307256832
33974507
1481522466237616129
1548223449608646657
1580242370762678273
1296770012347273223
1562475653131554820
1223073696627036161
1053306803692417024
733904777076084737
200894697
1541788421219389440
1546926864630956035
2984458790
1558671031023194113
1568835801785696259
1544085386
100817231
719909256934371328
1565344905613914114
837085870511521793
955418271045451777
1576771797525069824
1148808086683037696
1553851547708260357
1271549320408465410
1555127723328438274
801394556
971462273272201221
1364279893643702274
1145968435559579649
279653104
947752259038801920
1356090722621874177
1241026608426897410
2711718543
1309911188080390144
769517024
948508085160763393
1258543946118152193
1295829306111754244
134101060
1209128633526341632
1566431456527896576
1557202188685824000
876366552458768385
2498955203
1480466727028809732
1544701551759212544
1555101167750746112
774164581
1566391310038310915
1474178583195181057
1579949939362172928
1569329597413482498
19562920
1565685222414454785
1522982546857807874
1437523488802177024
1403333811740549123
498304270
896829347927126016
27633647
808051518242979841
1568295052337610753
1051649960
1549678641981886466
44312998
269962426
1583190932047863809
1242688154483568642
1328567925305991168
1558009785009700864
2941882176
1392523106166657024
620763042
374540704
1561355582300631041
1558450860828819457
119096090
1346020046112493568
18068926
2974079800
715674351551393792
706899433099689984
1569316370592206848
742092162838495232
34889433
887731387322650624
1567261942498066432
316275645
1339305278731407360
279005555
1580053880175751169
1569035922263445505
41766991
3917196824
1569544610690760704
1338277458324426753
1545436015598485514
56841094
770077141
2556490651
1533506721364123648
1309109580434214916
1060359588351012864
269729217
1573167320645926913
1515113306390155265
17605766
1499305580850446341
3871865593
1544293702004346881
1565316408312877056
1311102829
1552130991128551427
114979333
1558509395792826374
365147043
1452638883976519684
780292093839220736
905042059530166272
1058261834170421249
1400072596742418434
67124137
3010572600
367608652
1552378884464721920
1569573225918791680
1312329273622003713
205192455
1491166635348172801
1147602355807850496
1010387651344494592
113367425
1553716029724930049
1085707915
3610089022
4001647696
65267041
1553377310631510019
783783157422133248
1396439852
1278504187479724032
1570925055672025088
714886536
474707904
1453029309615124484
1503342662191042566
1538448113249267712
1379601391
1545728991771893763
1577237437146927104
1102975231935766528
399636025
1579529706810081281
1415692606537863175
49655433
1324044171594838018
1187808104580337664
1193911066280906753
4902139031
1571852750073335810
1553847603137335297
1320249679360094209
1567441720933228546
1550172208692994048
1437908250075090945
1469023124033183749
826851199131537412
1577665365550796801
1558849735016038400
49326443
1408061439848312834
1448955980277075972
1063163002323697665
1558845600266846208
1144661632062070784
1366652107739205632
1022473214457348096
1346928514679730180
1554165224588050433
1563184733617815552
1571513130508816384
1455594137890213889
1214552349160591360
30188935
1370358027191255040
1413170804255191043
1208478705124806657
4215268933
1550443169535377409
1568563212764971009
1561409267751866374
1550130619170291713
14934389
1565151739677908992
600934989
1256276539068387328
1487039451561807880
950521309376794624
1579844937847373826
1566431531375202305
2162451683
1237147328680792064
1569780379997061120
1577126598318653440
1563171786644078593
14195523
196512271
923996944875376641
1571652152551931904
1578081003339669504
1567697884665061377
1479773329552822274
1584596834999275535
1537774579216797697
1535138391616102400
1498164905660542978
492677033
1565648264350732288
1127218549737558016
1568520387994202118
1570718714294861825
825432347734581249
1547315496952946688
1493191310458507267
894839558323539968
2387223446
1110224005
1422269363286003732
19268514
1569958300388659200
706874830520500228
1153407045825175552
1535544319351918593
705825519477121026
339314093
321898968
916722332911226885
1573270562427883520
1568213101857603584
330559517
829545365703630853
758732040351035393
4686668114
73374599
517525458
1208149488386228224
1566783242358988804
1415938594787708932
1225752542895857664
519404538
769573643395342336
15976434
1503087348648751105
1569770957090471937
115787370
1558878727324540933
1566106540582621184
1092068762097016833
931660122862096385
2869758489
1564482123318169603
1395817648923955200
1488784270097268736
1488997086083403782
940348805286830081
3362905589
21049471
1560656311049564160
858662293218902016
963828395590258688
1567573075666804737
878883174364856320
1567636875367653377
747036111130791936
735126379868639236
3785065213
1109802330835300352
2857426933
911880242322698240
1572255385029054464
812441508209192960
2711212681
1587833326152617985
1568128621839265792
1545366283855826944
804607273800781824
1440619132076969994
1567230820598878209
282210640
1542247181217841153
1521565806127165440
1306528816731500544
920826691
1487310537658667009
914042891223355392
1403746560794456067
1248272867717828608
1566908851470962688
175968480
1257405017230802951
1350447429124931587
1183990873903652864
788020954333122560
1563093059730276353
977196599683239936
1477436140760272899
30335264
1359391691954741251
1384554211711406084
1553379195530649604
869914029518663680
1272220605669158913
1569451843478237184
3279303070
1446449427024072705
1575591866233659392
1586506770633080834
811133588687167488
1558701871916802049
2249093550
4573216216
563946002
887562607
765678706371076100
1566812195643461637
2929723444
1555123160428707841
1568814159302901760
328915500
627199375
840288531893346305
1463358169015488515
1251469762036670465
1566416080620457987
227282134
4909204721
860888703459352576
1516105200678969349
242596523
978219003817623552
160317219
1296166442803421186
1449075105691209728
720144030265446400
266017792
718367357463359488
45828498
1499144145486626818
2831656061
14366149
1573363489506492416
92765615
1548578410456580097
1241702753451245569
1560702001280962562
876340934
320880919
1567993059551416321
1567765033907519488
6973982
2298769327
4689621998
1537429565290651652
4077595635
1283344742986788864
1576078942234107905
1537528935268995074
1551141697790558209
1548090383216758785
1369886348
1567877577720877056
1354423548220203008
836738193512890368
291831562
85398747
158178778
1564075399860355073
1567649119757373442
1476637934
1064979724672401413
848823717325144065
25932135
708431160402186240
187458483
3046936852
1172297442068455426
1070987225226194945
1552910387321786368
2288289437
480922123
1346578277918527489
973360384404086784
163670400
1563827422767812609
331695242
1123407172354887681
1491473104241332224
712566052627038208
990125934572441601
1255388904
1375207710845714432
4408473088
1053803367036796928
322351649
966299751611330561
1328644708873236480
994859094891728897
1579946206142275598
1144814892
1244433779848077312
4202375177
176597595
281772843
1581873794959826944
1572717295729795073
1461786886503022601
1141285034432880640
1463720189049012226
1122890686997643269
1569311148738056192
39759207
1469906371
830367638
1069161882
1556612195085127681
1566841569516236800
284445519
3293865861
1536628637843304448
976031925511925760
1520323289477828608
1571188007868239873
710808835
1566357978021855234
307276273
11983232
107607254
1492119876797882374
1575121297859919872
1568291404107100161
1570088519736983552
1107367330391183361
1009011115970347009
113487858
918448178827014144
548342424
1578090957563740161
1002215764517163008
1085070114129625088
1309570265677004802
1334363351384641536
133635888
346873285
1466310456629293059
1148235865430343681
1553258221657362432
1588772606118862848
513617163
777625089965748225
3274884554
1057968244194230272
990338684
1275492659952525312
3297538031
2860163438
1574481204476248064
3393392687
1548628986724507650
431071870
1514884885558833155
1461622624119787523
1502604992678666241
1585664085278048258
2397817548
1517911781280477184
4876255588
1979402893
1124972234655690752
1504398820779696131
1535936447806550016
15797425
865030073744805889
37886622
228104710
3473272575
1565338128583258114
1233774824314458112
1560504765699993600
801665538044915713
1917427634
703931210137862148
1565110360687919104
379877838
2771370028
1514562263960727555
1569282061370028032
1522132554245050368
1570374948912304130
1568629401356476416
1569620076151865346
998977463903510528
21153829
902953639425257482
1530239459794485248
1565209082658955264
517937137
56993835
1553435186557337600
815936286
1367477950409551882
2899087651
14716003
1346308524633063425
50428799
1558881720430116866
1542557526713323525
950576131
130738141
911911946655584256
1277757264254943236
1564664913125072897
907639911779627009
1507028815914373127
1550785977874087936
4177068274
43313158
732976508084457472
1442890605223309319
1863887347
2898760560
1569981062465347584
198817566
3295531816
1239769562117107717
1223641722602823683
476443251
969150569448460289
2356648120
46439133
956574458365468672
755947287176544256
2559318621
4770633740
1583102813374128132
2986356148
1469374502811308035
905315346260877312
1571380884615434241
2834104037
836663028
1553185693484056577
1570600454794477568
1566146519811637248
1545403748473880577
872834671
1565615519914496000
1564921363730677766
1260182198067617792
1373506229994205189
2269520654
14116517
812848970
1507186832081297408
876511169695109122
373583827
1177657302691782658
1352924033667510273
500206614
1563416493408530432
1560380517081661442
1179724321733910528
1579126232372969474
2856532628
3092578134
1471707610285965313
949128957424750592
1437974503204732928
1026784556878155776
1317760295951978497
18342612
199219746
821845
933004995766767617
102717292
1161766896502366208
1407044456407343104
1482425527264706562
1498019410447155207
1364961105827799045
773672749717921792
118391255
1547895305361768453
893892423537086470
3542542034
47339336
1498377621159165964
1559886700897353728
775455062403481601
1509818570452221952
1223118409
913792090747949057
1081355443966959616
2204738892
1334125436
905792245659521025
3232126766
2424432247
15460479
1585658746184794112
1429603119332270086
1382131561185775616
3686412680
348762091
79365418
1554835063665147904
510068689
1569290074592006147
17998804
2987160021
2186518388
3906142219
1570592018870734849
1167122751410384896
326160465
763785506228404224
2555054744
1545340216059187201
19309903
1570434605777559553
1130295959584464897
1347201717285347328
1116095547394465793
730914781834690567
29363594
1376755474150916097
775320151109562368
1492047924
52717871
1552290100943507457
2797753258
923583444118130689
126228496
1526420768120516609
955970104402980865
916422823853350913
1565828032492965889
1533225647430062081
946733272876412929
614469341
1533226146468331521
4218223151
815200073722138624
1404032187993706496
1110264606918959104
1486376186414608388
1569077482338263057
1399330888798908421
3180508411
284707322
29151724
1424801922
934201653401673733
1434913144124575744
1210730528728633344
860997066
1522204287841214464
1897142952
1232640082365956096
1573593778753081344
131309971
372044361
1557751454080724992
1565725236666023936
1517889380064858113
1272541140
900776118579601409
1348323122131435521
1173251876671971329
102087903
1479154549332090884
1439501606458839041
861676748643205120
4152606022
791673497084911616
1158923168
930269161875324928
1545672867341148160
1423679975002185731
1470492384274309137
4919115784
1565764722787377152
282674043
3182441
16145086
1570607282597277698
326735758
742568367182086144
1216937553913372673
1537960750198628353
2992926343
1531693318911959041
1580822034933813248
1580797542274666497
311179034
1285171505735720960
1450568928942514181
3954490754
778333358879309824
1043881928972259328
1013246598971658242
1534507958599573504
319854234
1510805596089454592
330567433
1155401246578286598
44153633
20151462
1570346339585921025
78272958
1365876874027663363
1215248098114637824
479943830
2293461836
1563563752066547719
1580897649020272645
1584317775891283969
1365499421216157698
1492890366185508867
1272990208439365632
2370205244
1558348151580401665
50308411
1211296823958069248
1581960125832605696
229914053
1108041220876656641
1573054117014028288
1568778906999603200
969492278451433472
30078271
972535851543605249
1423500863360831489
2243600694
243583515
851678091068006400
331849109
204593134
1058809251504754689
1366541615158996995
1118781283696558080
1496563991375663105
749397332
1077125324
44125876
1298187134172647425
279672192
1336739529923977218
89637018
1552398583831433220
1563228458104537090
1582171737768214533
762367333
1542843541143126016
989305995741380608
1564355935748780032
1541567458120802311
1565927129258553344
19713152
1372590272752848899
2881458639
1851712746
249246070
1566353217981743106
1558576800246145026
1543359348251951110
1567811016024522755
198165427
220306281
1575960257376960526
1518868075348701184
47574831
1503868725824565248
1560082548650287105
1065641854228672513
1568923058286510080
215858523
1581208819438612480
1490765034615496706
162593350
1570363873219284995
15626165
1505215093008748549
943572466881806337
1336062327314132994
2635042386
1397633902865371141
1564003726049812481
1529898197153644544
862931242819481600
1187699821676781568
2315746003
1569360367456817152
1531498452131033088
361162561
1564739976520257545
1345083999711076363
1566347449391792128
1577684913024802818
770711158248439808
1290869690177187840
833375336
729317762758225921
1435292211625746436
331700001
1557593837211529216
2617864226
1585219003605188609
1550761136781410304
1018199127744765953
1569641558319992832
2250493081
326679889
989369390280912896
1558583156823019521
18953766
1574472536586276864
1584747310742896640
138825278
13187822
1035443045725085696
66414578
1577630042573660160
1550209927934877701
2725634174
1577410969516507137
1445071299995320320
410120088
1490058293804511238
1567784752622587904
3309662801
1317882787114962944
1557811189966671874
1325180873939939328
81524494
2267681375
1558121408881987584
1498072445844131840
1124772746
1553193400035328001
1476513634494955520
872111466983325700
1527598956372537345
2714940450
1557831945979150338
1576941504697974785
1582731759178973184
1567838459532046342
1565276564161437696
1376595726369574913
1064190549450665984
1515969655738933248
1242978413863776256
1580629809343913999
1482023811600072705
62046445
1413631175449526279
986515396990775296
895644566375743488
465672346
3004960119
238205389
29764791
1437644432648642563
3344122048
864445785894785025
1579911850938060805
1395287306404171776
1344582092382990337
1278715995864080385
1468684959309185027
1213387433913438208
1459385117537976326
710528709426606081
419910786
1546752597876346880
1582664596762296320
1493766974991519747
350891396
1426187332894482434
3040865147
1579494763904073728
1571132768385466369
1570115409659002882
3706143317
1466817663309651971
1250107863361560576
103822317
1572454032865726464
129248312
14968996
918519278042845184
22061957
1483972907638349826
827575206063464448
1524067512740347904
319615999
1102620115328225280
1566782850086539266
1567691529568780289
1568982928105025540
1483443701603250179
728331730965303296
845645718
1410878385174155264
74484200
1572192126389067776
840426794960457728
3168323982
917683956
4776663198
4057391894
745007408502673408
1651484095
1586707473783832578
711181128355356672
1584830470096883715
1486298858158452737
63728431
1172558905895006209
1434165133073428482
1561759625682120705
2411511356
474475211
2786189061
1316376194997051392
156962107
1353269556723081216
1562950121268326400
96732458
1565353778903384065
1464929394791747588
2898606468
2465911260
811328343295557632
20890881
2912549495
1245151724328964098
1553024479999188992
969731562408415233
1094332913846575104
1556087981722587136
1563415376397930497
1521717761537642497
1465246255110574082
908555543144407042
1588330552267923457
619646611
1318038816
766383087408279553
1544603684478369794
1569217255929516032
1159488205730660352
142409446
104737336
257782611
1538980951
1507553153012613124
1563904450175111170
1427349847946907676
704211354564042752
880148083375583232
1583613906249043974
1398103374185189376
14904072
1577929775380942849
76882046
1446125071769104384
138959351
108192961
1563056243228307456
213962175
2988218174
370544754
2236810737
2299850953
1568581261978894336
3035112921
1569726787420319748
1559862573801037828
995846923834847232
1558932136048082956
1578577943692836865
437029742
1024680609505980417
1055413786104995840
1515942569309446148
1050859056238383110
1568120156425187328
26545803
100750595
1299374506578980866
1549459331535495170
3445894338
11957802
10417522
3296826558
15382111
2579152880
1435929474550411264
1060789928
19284888
851781398
1448346834712342529
534967280
1157541927731859457
3231285193
489926033
1491051178947493892
1099955246800035841
2187096834
1547960090279366657
174329050
251637411
911945578296352773
1564405730505007109
2612710249
28544269
1344078066864291842
1332306731632914438
1536915146505060352
1570055773266513927
1497077051471249411
1323476836496584706
1533702184960987136
2460111366
1569317217417789440
860698440904450048
1562299710483795970
1346118529435672576
1572501649150574592
1174668095358689280
741616281657430016
1138273439893151744
278230628
1546073023
1289013133303046144
1491769688623235075
1375419012948107267
1567235451945205762
1567537200258248705
1364245578696192004
806972641919856640
1568303609313660929
1498429550224625665
795732385920876544
2202254156
1351113122145329157
313232006
1362405611045089283
1568630585098125313
81821909
989456216
1226838324184260608
1554128981774958593
2244422324
1362529012153778179
2370892173
14236327
257314868
431547951
1493865252278128644
1649006690
20687263
2151486571
1007603567274815488
1107485856
1161302049369120768
1569879202962505729
2870766659
1456994243764006912
1565449856566833152
1461585538532708356
1403900400550428674
1431827012998639616
1121358816178855936
320900393
16166035
1579355361986740224
1582626614474571776
41831827
2153423071
2814845150
970457365274218496
1559065767005626369
1461759600936603649
1381817478033121280
1360596479505743877
19597908
28835060
220991753
3666114315
54253820
2191405370
2723217086
1575875955633008640
61881765
165170450
1672657952
3165327468
21536475
1510591863820103683
819490137201635328
288771441
768343338365837312
162048049
1552301393087762435
1498592761247072256
1552453588005404672
1565169827622289409
710813905757544449
2987099811
1559898265553879041
1479599554832089089
1451680519805145091
277544668
17707134
596194481
43176060
1576250270111121416
913534221205037058
1558385259674206208
1553707667776045057
1265813819252772865
12692452
1566974326015987712
701770693843800065
1440381912246153222
1358242227227656193
1586702514099044353
946157238363742208
918873756948402177
1565390288448884736
369012172
210638335
882544729
934108076587831296
3272379474
1550145094128377856
23428163
49544652
1573294355988840452
193732179
1574453483968892937
1256049877043249153
1161330699183513600
2747589176
1575513598511575040
1558133656471863296
47696367
731202069856583680
1252377339310161920
953880306
794649839720087552
1422231706715795459
32975682
1948016922
288847075
1077502621773168642
1558920306210881537
1283348226893131776
1510473535692546052
1567926155289698304
751151995038289920
1467092275259867138
14182285
2444874930
871951323708747776
255615395
1004695682270183424
705289348
1535404805811752961
1267094527594188800
979443264188305410
114168808
94853367
927473438767419392
769451717322768384
903172561219059712
2292526496
1561932203730374656
2753225775
1304419916376932352
1496430577121050626
1494431518176919579
1268574238035804162
1146067381686624256
1577209832955953152
1372991885149626375
1123846289916145664
334603144
1498946489766367234
1016828717203689472
1514769596556873734
1585486991633825793
1569773194256732160
1566903314083729409
1566009074856218629
1159438276077457409
1567085973627932673
1553412495217496064
3191398865
1559657538551009285
1507022576442245121
52985198
1155871705065242625
1201888874378780674
1332343613737426944
1329445413653504001
1570657467243036674
123303627
1523594327209177088
1538260245100875777
1372887755039072257
1540099801399934977
902321011
300444227
1569216549348597760
1930320416
140448107
1486669327508156424
1469970523597590528
1570205574570340352
184139656
1501970974320824325
1393111147377741825
957175641614487552
1557720812634877952
339661088
1246717118910955523
1568233878552461313
15729924
43236077
1565814323209027584
4375368381
26761733
1297980396253020160
2330550931
3047870760
970413168618033152
785078456
1576966838822776832
271822113
1237605800211693570
1425306552819355651
3228388581
1485119176020996099
1092391212890284032
860507626358140928
3045513684
146965356
1466459362562613249
119719571
1544846825890279425
1065642569739182081
968976584
969440778287120384
1354310430144028673
28381522
1322809104960770050
1868735803
1509596099576668162
72074935
1564782902755397637
409366094
2310484141
613220890
34508824
1527708602534105088
146143416
3397235825
1044238567994667008
1139290888235098113
596206096
1475643934613377030
15446539
23444100
39395795
39304928
1563026890218438656
1537693318410551296
928529746656464901
1565315310731022336
1414998252131430402
1183047585902280712
291504908
1253810367228076032
783237884
1581874986104815616
3231696110
141664648
820247422580494338
784719499337539584
312426076
3025143881
1570286418194501632
2609666960
36030234
18799147
1495359675486937094
862448555067310080
1251024434565005313
1567727622486134784
111345440
1151684955443011585
1505162184061779972
117882772
1575520991018684423
1267000557702701056
20345241
1370604987600965632
48157812
241133117
1526623154504073216
1509162278335270912
1570426541926129664
829413476305076224
1567628088896282625
1510259887955140615
1562450316150579200
1471378976748621827
1568842675595386882
1574883024503709723
27621082
1062353276
1427968007213654018
1547877261310713856
1554504366475907072
1569921564551925765
1553503674281893888
608022972
1567286684508626944
745768418322747397
809093619282038784
1434210888542793728
1046609382895747077
875076313
1518802439826288645
1538810487961538561
1500550880738824195
218410318
4902522711
975287029855588354
1380847039509110785
1579857601570947072
986030991188942849
1580845060677021698
931628740035141632
1554181935391391744
1566817315886452738
1046780497303670784
1578798133789745153
15725998
1189205678746820609
606242728
1465307890730864647
1006137444843081730
2222093193
1484256180650323971
888304527748870146
1081909405459730432
1483930757366104064
1532778277433233410
1350098831271145478
1169609992145711104
1580805341306318850
1546263467845459968
1465391627787198470
1380184864020852736
1566921565463351297
130929338
1580650852741746689
1550086063921799170
1584517862483443713
1483016770432561152
1013754532084441089
1532348650063417344
1242524713571803137
373995388
1564453714903064577
15045951
1303624826075181061
867763076635996161
725603945188626432
2784322248
1407877178260291586
192191490
1552923683106312192
1571209613684477953
1567120995030294528
2282953796
862891423800143872
808797277729030144
1118414561495764992
63832120
94478062
1303296798379868161
1016046856403472384
1601623448
1549104518037929984
1559930366869348353
371396922
3517293435
138732953
30311456
1340013064196739073
107466899
4083531
400224190
1546909442972737538
1568807618143211521
780339011760119808
15800571
1569646713157337088
36785286
1552727224930926597
1331259249348014086
1575802655275745280
214548815
1433425538765320202
1398371119892152324
1574496637363404840
2499798696
900377835646406656
1566145894139011074
1566068478171381762
806032531648905216
1570040259282436104
1283811754078883842
240473635
3289944584
40019460
4074386241
1512076164117934086
1567972481830461445
919920607675871233
1407107027378262029
1583392016855072768
1553269702373392384
832212701975834625
157474864
1537385964221390854
1030106148509306880
983542507400183808
868026284030427137
241184310
1440097158330417156
859037045846663168
1544651978378301441
1542590465563934721
2967867342
17980590
1247478635994517505
222812107
1519386986314080256
1010403623380049920
129385014
1373693930508722179
990277405779652608
409822767
1443840854263803943
740226024055672832
1037392836
1567647006906105864
161913667
921457844733562880
826220459683360768
1548307758708953093
1399380697006149632
922262315851972615
1588963979271016449
865915729639505920
1555472831948922880
1525402125643173889
1441095802298925064
361522968
1568641865901113344
1387090844285476864
1561452856691068930
1566369545719144448
432671351
1349657312844259328
899185248331640836
1583593028870352897
72231050
1522047383693316096
1568945918065647617
1559470778827128832
1567898587962683394
27397922
1086137119603650565
966718138980225024
1548389289708232704
806319468
861359643087523840
922478071336329216
58569413
1572647040433135619
1478099887942438913
1558752394686525440
983819377664458756
2975134426
1568993293429522436
727157421743955968
1566553126206832640
2280746340
1370410543245185026
2574561313
949778608783900675
26484631
1254841247996534785
1456277872167981058
1567194163971497984
1130805268873277442
3202161054
14651946
2760093651
1506203614058061828
271407461
146458825
64597577
1569692510372634624
3311911243
1249845058569830401
1346799989691985921
1572604504377286656
15405872
1580537967038316546
1438887233617121284
1546377823513886720
1554420317845602308
1545053036338237441
1095236806570901504
1569280285635903489
1514257857960882177
1580503047649755142
1110025470555373568
797268903021920256
61327794
1489598295441920000
1567799105392414721
995092944
1547583222116016130
37706108
2392776302
1517111004974493697
2548144838
1537456601216561153
4356368596
1568581457328877573
329380335
2704404030
1583075655180222466
212257271
780802910900760576
2164538866
1446961120854564865
1569230955704991745
1588484850578821123
1553170222399590400
1372744989965312008
1281225283551420416
1579932026509090836
3070447479
1570401813832110081
1525572006024220672
2534038828
1571431769844350976
145656452
1451348749205360644
804453499639476224
1651195801
2703367063
85233317
895991668037607425
190359116
959801693960536064
1569998622992859136
104966925
2384326501
1567671242227859460
819529050444144640
19642373
1217499134
1516789432032006147
1586865053785006081
913577982463283200
1252605264156602368
1574269054889566209
16491569
338215930
1557439933161275392
1263422796991885313
1342542518
2584329848
419392656
1579529833637449728
118036630
1587496753183412224
1568607956312248321
1291405209869201411
1438258549470085124
1447887828520607746
1154447210752434177
1502342178135175174
1555493703707410432
1568833341603938306
979918276485570560
1050125829114609667
966369987698020352
877768663998148608
1568953500595265539
1373407234043092992
1586664120308342785
1585579416880500736
60001496
971132895191601152
78560440
634753610
710143131111596032
1209475022361964547
1553790392570884096
334258704
1279467384802246656
1582025946688806914
798761276327374849
1163116988165582848
1502203615250989056
1230945408219852804
1439823655379341313
832681314511753216
388622530
1407036359517237249
3212632793
1250141014662287366
208150510
1331701663132954627
1567507898145845254
2590625953
1483158497109823489
393964520
593198323
224026670
1190601479834480640
470070570
300904567
1478171210223534082
17940566
1539667627374698497
41207812
68750365
1320245595571933185
1293819158719688704
1559037857133641728
1570857135264645122
219287142
1443840264213311536
409143932
1553331755624669185
950405358371115012
1163097546
302690611
623174512
1562848757380591617
1550949674181398529
1461657658050506753
364165436
765070724142882816
1577262159016300546
3716675839
3256531294
1569976075165237250
1553398889117618176
818921856451411968
141544791
1113752586
2208579570
1503009199432814593
806765341002956801
2545372441
888923744420364288
23306500
15474782
34730732
1546676843994021889
1438719854756786181
996512342308544513
1574364238885408768
210217403
429146148
1518542402235125760
1446344170805866499
1258409364651565056
1566836816115912704
864797722355871744
1084774483435515910
1028468563
1531322639343665163
776045317
1727976966
1551030076690649089
1533639896908193792
66200289
942385441159999488
891302285128720384
1568674641085972481
3678866953
1367051338593431552
96200329
1565718526333173763
1956284958
1569493408116359168
1489107204632244227
245945461
3242987256
1557799100577452032
2904624830
1565229508776673280
1513914333637582848
1499010986250022917
1399152176803483653
814076047515787265
1584934750556368896
1569517921139040256
108899278
1495259013054812160
1478437473965547535
1229387776619053056
1581118158173265920
2743776245
1562435146547994625
1249631942
714137167
494263461
1036759383219134464
1421909552824422400
600453888
1559193579553034241
1578068885789585408
14700823
715143670983471104
1417839350017105925
1559050718388043776
1565651043761164290
842195444964962304
1244720501660024834
17633662
1403673905840144390
1566770405708537858
228488816
2534947501
1567202621806485504
156568938
785669820872220672
1568152736096522241
771102358243860480
1380406864551247873
904098326672543745
1537360502120235008
825814600386019329
1418575344236302338
1585928513332314113
2598455316
977341781724598272
838938482
1396123054934274053
15363689
3209821763
1565948562663407616
19462670
2398585777
1566823271584083968
44254798
1530948926857019393
4278361293
1586707156144951297
819042727903916032
899563387239022593
1387435533618536454
221749251
1254863320450052099
1202948159292334080
1575734163012870144
1031010860829818880
1525178534188425216
1551659156574199809
43685359
4854608236
19239919
1543591138694774784
1218162814591930368
778944333256986624
55449743
1540983590250582017
934071
1557784668963065856
136874526
1570097924234772481
497446101
155316199
1550455292458143744
1585451791281713152
1442433033831813126
1300998714945806336
1539636655635701763
1085425061488742400
1544463729554866178
1565542212267454464
1566890950525345792
1005689011535515649
1520019204967129093
1273106717316911107
1564681278615846912
473104576
1585986776375693313
3925032559
1437235641641701381
3779996655
1486930688108597249
1011915929557651456
1557709731543875586
819303461393154049
21131314
62118221
1949865026
1586904600191197184
816688981043793922
1344487682337026051
1010241104447451136
395729009
1587782357108592641
1345950096853094400
4336563497
1581602667868078080
1454564474334191618
1569260379741503488
1578069165528817676
1551698696294875137
1385267928564604929
12480582
1584881625418047489
1580803789887606784
31855697
1128027511978438656
935962831014580224
1586223964778795008
1559417385186373632
255056524
1567931868904886272
1480665564213399552
1587652249
1307523401351921667
1568233477589598214
1245065012365926400
1421735171120844800
1304871839395536896
1554513844063576064
967549476
1448471279783145482
253788486
1338207825034620930
891745656628551680
746594588345802753
623921437
121765143
1566893875893092353
457758145
796047225143050241
1288254704565264384
1311037069985275908
1567038165210251264
1390456846071173121
1545249387550474240
1083364978697097216
4891838002
1580211665664368640
1566822586155253761
1558109824709447680
1534015224021385219
1510155336115752961
815681345393479680
1500671032419487750
519617070
243097849
1585180880338821122
12848712
46578714
1533769418584498176
1576360800662716417
1557370239016378369
804542200663212033
2200700480
1569337531505979393
15310599
1262313773303545856
102789941
4814656685
1428487982995189769
1157331528960974853
99581847
1562781368370704385
1577001382779191298
1356790920096534529
1567075923987406848
17306528
2330261772
1573590055234711556
1575091746777829377
1273891729024978944
1535297849306632192
314764239
1481123289502212101
800268460445962240
22945369
549308927
851427071045902337
1547590992043188225
1354051944814407680
1556796275705593856
1553280130205843456
19678902
1569174304138399744
363274852
150687630
1581114476136632320
1376670395860799491
1468675788119494657
1565030555565150211
1572007676627787777
2897266280
117418683
1641686330
1059561766697394177
1579958320101826565
1161559903129018368
4147368192
1136051564173549570
4152868933
113888642
372890070
1588460388
871339779996209152
1410153107082944518
1571170019165310981
1363978343654203392
1307458115059634176
1567329528141475843
1549412480425803777
815680
1512816282365800458
1424223519416668160
1492124656278532096
1502216597704163328
27875662
743155791079694336
1559915659840159745
1300801944131260416
788957267097890816
20212456
1561312843718443011
1963158462
1567129924372205569
760211179981705216
1530198701888704512
1565981944382472193
1278405763745136640
1122010799684194304
1045844740330053632
326665662
1516786816845815809
908435707307479040
721952704738648064
346452349
1573121722164944897
968925163495534597
1524472366553829383
112143006
1460114421355741186
809243997625610240
1567004152370466818
1578395698038542336
1547109827746349058
1170047671182254080
1470329446834085888
251869750
1435293270356238347
1572286532374990849
1485119630834208769
1525290283054731265
2696578399
329161277
2181767868
720547310
726889158787108864
39768888
1542769622734209025
1518073272688005121
1098904469452947456
33371149
1577999027072794624
1288776158989844485
28207516
1194833106638950401
1086202320906604550
1581254785923268608
60132953
1562876910572810240
1425205778839969792
1346909494807298049
1541787550158684160
46922903
91025514
264804434
1239428754981543936
1555807629410435074
861669940046290944
2301273236
18458747
1227624438214090757
1517118703430946816
1467407847323439104
454810365
2248919588
1456586974324674565
3409129085
1471441806244122628
1574357016486629377
1465355870917828616
19958058
4836002259
4853249131
1541311058
1584504679181975552
1419668299776987141
1326281203239022592
1565628994497564673
1568068268346454016
1371298355448483840
989455285004599296
1539244564485230596
1239477741793218560
1546928364442771457
570670143
492009914
2876679865
909387281768775680
3402856145
89213576
955089786
1384426346286227457
145845450
809802139400892416
1586394664902410240
307321635
707700095894966272
219651498
1571496635158482950
2460216512
1564201227294212096
328690138
978936924747517952
14311039
196830588
1339965489775333377
916913471605956609
1375421750297702405
1581600395713019904
326688196
1529594258830786561
274261249
1538592700706045952
1304703586018918400
1377530819950993411
839276729382359040
1562548171250708480
951376105075806208
957412593152471040
1377488557921738752
995412582860140544
1329786586632949760
2157365093
1552885592979132416
1191641882931138561
931762417276665856
36682918
574915829
1551523816697913345
2364815537
4888849333
1277303653074862082
365158009
3267905521
6478252
19482808
1583580027383341058
1284976632357195776
2207653373
1081320607445385217
1554790163347173376
23709845
1445059779295076356
1575606653852196864
1386796851064492039
1569329134463029248
911040723839078403
1558465128269758464
1465083216457568261
1565954655980486656
1432172011061719041
1567353146460237827
1168177568
1553720730545623040
1307739737357266944
1477387056
1440447477761515524
1334226016785506307
18928840
1545850210647261184
955580944265699329
403871494
938110729252585472
1581662135402500096
596416569
1555014354872967168
17820723
1567133242880311297
1355970063556206597
1512258663771164680
4462134201
424686197
1115015645676986368
186166603
1569010512838496258
1352451498
852544828361625600
1570373067288764416
3066933606
269883905
839219437
1133095086655512576
68082652
925644312020271105
1108028202830696449
1570299329860243459
1586749016427167750
1519738994212364288
1214278556982767616
1524712061129072641
195055879
26007602
223793374
866719195
72444545
1377802746196295681
1493951703867031552
3732897196
822787094200217600
2917402596
1002683936860852224
215686876
1569034240116793345
1554847530722201600
1567851288188301312
2860877471
1492909050840768515
1581011898547556353
1566857076395352064
898297024784859136
1586068797378772993
1588150350904971264
1013564144
66492074
1558596271224815616
1484590038
757005735326658560
1320040836675989504
63591542
1565356611870539776
1484318143388389376
307613768
1166474638571888640
1497517747042852866
1579892956923801600
838923674807738369
1569834019050913794
970051341824520193
1527941013263753216
1499433090829066266
800034883619979264
1417004512775184386
1547091130440876033
1103987029661016064
883984828407758849
166667340
1495880773391556609
1569310135331299328
1573772732197740546
20214495
1568280719801327622
1165163902419656704
1570344517093699588
1585609936431718401
284966307
735371053124493312
104538064
177285115
3326899000
1341067094234984448
3239447717
789934896852664325
705463599368683520
199717878
1132027615768993794
326482363
888447294382776320
1222051233319358464
1126013529809674240
1569040711202267138
874707643197267968
1242609781962993664
1560526108365316097
1451196786970808324
4541644835
722614994743861248
1401849814564753408
1144933278094364672
109020508
928985777169502208
807049310
1525544223155666945
978711295255109633
1567490104507224065
1550774962411257856
47956182
1568890093322080256
1558618660834463744
24050478
1547480278653734912
1555419862834597888
195755873
1302103741647257606
1542585300731531265
1505442059796185090
21154072
705709434824224769
870839802987372545
1509143654820196359
825217684233125888
1570048037514346496
1567454221938868224
1559252541522706433
1104774240954470401
1430769736305029124
1522649564280344576
1032252286809108491
78208193
1014851923525144576
1363112137455898627
1334902251354124289
2988198118
1546496806649036802
2344184090
1013120558
1565780129321832448
117093891
779280157
419260109
1504298626302029827
1511627186771742727
1581764912539377667
880512634147098624
816744170249396224
1430800684719431687
1421466386
1395432023938981890
3964050492
1564732812258934786
1350771361518653441
1569429055123881985
1505308809220268039
1553372167382917120
314597365
1019701946033344512
20147960
1499392926308257795
1554972737940094977
1559071484185903104
992503494623055874
869556861669826560
1585111956981252096
756347313149345792
3077189571
941731593135316994
2773066542
16892560
1471488360774463497
1548378829135028228
1254754035913101312
806756840692273152
913397604104499200
1251184314806607872
1570109114600112133
1568392572405706754
53133376
1363110118011916292
1567207152179204096
896078064261763072
1010071486214782983
3247226127
1567133439194808320
20418071
1287989976
1551184894851784705
1432999771069890560
1569943707570372608
975001143381282818
889756129885962240
1084114745110736898
1570269070444101632
45767587
4447375575
1404492153464799235
2357316975
1569963994881851392
1565035964267139072
1059876916096753664
857433829316997120
1517518703365181440
830030587889119232
1557397859892346881
1307779126233792514
872191791252070401
833069430963896320
936227939326316544
1553417800261181441
18365416
1586046766000095238
1384887317651984388
1569079620368060416
17536486
1558577765510746125
2351123413
1135524408880193537
1384838826313408516
1497893998153056261
946367049793642496
1519366243077472257
1394266228580044801
1366302502048522240
1558516733815578624
72503472
50636347
761985198967914496
13978782
70673772
1554316940579164160
1342243543
111937593
1285743949047574528
1219453116
1268887178496614402
220276068
6547632
1529657099671814146
4329932052
29649822
1299007050748432384
27466269
622098575
131254176
160192970
34733177
2328738078
1370929477002305538
1576420888710418432
1650487111
1533472708675215362
309538724
1545259665596063745
95074771
29185426
1253576229409697795
1568869856354930688
1566250650639499267
263619449
862401738652954625
1548766392089858048
819586607045111808
190354317
1472357456495865858
816760043076993038
1569048428386336768
1570125390462717952
1566051858086494210
2396353909
1367397932199276546
1580323072946708480
1558881237095403521
100527408
1317578479991488512
183636458
1523589630678863872
1562445085278498817
2695543095
1566753836215197697
1548564847734018051
1566829389303758850
996042705716285440
55245350
3214800184
287835307
1196631515712475136
2203246767
1493263666195668998
1081628910456954891
1164709482733215745
990158347851784193
1125479273345761281
924146540687577088
3405026375
1566258305839730688
1316759761191268355
1570629548034736128
16232632
776501934
893910372842741760
3674057961
840812492
1130488126156234760
1565162000400977920
1274711467019825153
1566544259481755649
1547911469668651008
1566879633492017158
1534614037199200267
1409098717756600323
22887448
1564200199429492737
2949047549
1557107117378732038
1169537279104376833
939598587553550336
1567858530274746376
1419673086132166661
2955691
2152202649
872734272125272064
736393287678853122
421647278
890362432589254656
1090675150259916800
1357671823559786498
846422863
1413291605910564867
554293013
1396873260763996160
1566407640611262465
1568820058377572353
796557000704458752
400224564
22131634
793314505497292800
811266036897038336
1553128857364037632
1288808485900169217
630255372
1586208011210870787
1583290728939065346
1372595607467130884
988775774718218240
545404505
1575344065335394310
1565882968358486016
24086519
1332213909701345282
1223700160280174592
1414667421605154819
1523083290126831616
1575818804667748353
35813597
949986191969079297
1878675025
1582384050634989611
1532769365795516417
2556743906
305521444
1562131226013859840
1513651193691713537
1580551211115319298
4829281
956540002707689473
1274097076150906880
1356698290750898176
133024303
22873354
1569272108018200576
1585376142797770813
106478880
1314569644703875072
3040193116
766951570516938752
4855631261
275631336
3082248213
1325842882788462595
1657873424
1463914874849873922
1215222826971488257
465548101
1385522719962189825
1558808970076119042
158202062
1566775867304468480
1543089239704752129
1273842919053688833
1446173727616651264
78697074
939395927856390145
1565516784186589185
2743636967
2165933904
6695392
1572697633969283073
1559312100211806208
2770255129
3070098634
562669445
1199841133871783936
1567230854870564866
2815337752
917010898446880768
111741593
1566725446741491713
1558029050618134529
3080907920
1429340233
1215245145165062145
1566491435930640385
1472974596756414466
1110456894316007425
1581388775766335496
1546848536297455618
1080512017314701312
19543375
1388816048451817472
1132885957
1572155462224678917
2551894735
1585630713549713408
993333535
1559227599464833024
1422526364276727808
1546190201143414784
1527406988342218763
1570777565203238914
748469316
1386797816
1171028320365891584
1582712228
1901131188
2417725356
1071605150618402817
2791628465
115638729
1588913386707992577
2407394359
23185924
1536103471
1578186359927443456
176872439
1558508595142004741
3492482561
1266416659876675585
1500962959388028928
895778265100681216
1580491553470119936
332687402
1548720962425819137
2316287720
1567514246296256512
337850159
1053737599414734849
1191667223938707456
1552021134350360576
1558234031057260546
1560273890756112384
19933191
1559774493169463296
1212746565879619584
2831754103
716699081263955968
1553429169672962051
1263559748395454466
898452369863696385
1555855441183182848
1528103367523827712
1516894827669041152
755199745329684481
1205311133361541120
1108809121023909888
1277904867130929152
59386332
19270988
1405230204738539526
1587522723344957442
870308962473824256
1542648902662373379
1316437433345433600
1053627721031581698
1571796043494490112
1319581224629915653
1565334200110428167
606687369
795660671413260289
1358820819019907073
979149542
1569718605193048066
832077261381701632
1327640406
1510208850347151364
1558926358276763648
916210476664664064
1360823960301047815
1004096937832792065
1089194089977925632
1523795327362514946
2361892517
835824342688747521
193647074
901583431519223808
1489354807273930753
3166017158
1570908235749531650
1569029010264571904
1557778541886017536
1577346728923172867
256065938
833361047918489600
1569257221292269568
1584261408388255745
705512628
797944002695729152
1106530268876365800
1623036481
804599941
1504103741531869188
1194739241173094401
63607848
52699393
1560589473729376258
1569313332385009666
1964570598
183383142
1574942083483410432
415907795
1584568264897732610
42881217
353094458
971052011243237377
3271876098
1322093139641991168
18731286
1574079356116385797
1569540497961811969
1431207481120735236
1448926516000313344
1576687703910924288
3205847539
2815130830
1567991698973929472
23575227
1395460457805369344
1554467689921380359
624813825
1212767820016046085
927574493920362497
1548972880242827265
184368597
4234105336
1563902939999211520
28311247
1569448872472383491
1569605717484797953
759996060
3903270385
85882770
87592194
1107166891318091776
1441153863394869252
1089253015
1449681042265182213
1496001375389556740
1279684758
1544781152317108224
1439012560234336260
1569557885360951298
1329352004557107200
52091238
1564678222540840962
1581078477457051648
4887532823
1568553760963833856
3816665602
1581585203440525313
1563206321570480129
2459518711
1559344341822439424
142200277
1313898709390946304
1568475358269259777
2676217772
25828891
2248277846
1451117775414562816
1339556221200683008
1573333811357687810
1569722439105675268
858426441456922625
1580625481661091849
65979312
1568655353705025537
1502799332050825216
1572637871504343040
1091692509405872128
14158067
997954272619790336
1571167296562888705
1253384753912246277
959524074283155456
1521773576277434369
1527484461402554368
1538437536737112066
805337473060466694
3058271848
969218658953236488
1530828075533062144
707194249406717952
819603095638282247
1406986877819781122
1359873324
1564898000727678976
1159020064332496897
89669466
1514169855184105477
1442521151624790016
1567599502328233984
51710093
48577745
1567789625489633281
1713695486
1267133552740761600
1570047436399448065
1578286721598464000
14927297
3868497555
1025418977680531457
1259746584243339264
255774368
927791413797863424
1149219426128076805
1539488795455680513
1574471360423890968
115118069
35860484
2481413958
16120152
870426072571146241
1363543853412716544
1577079349777408000
1253521813436616706
18442331
581516475
717181158950248450
926816516254834691
1042210576158666752
1565097843844595712
1172681754651398144
1426407466405822465
1571171024841986048
27878344
1171652683708751872
1401878746328715272
19598625
1517707519
556738016
226753346
1324859629596254210
494133183
52705819
1496855846063509505
1020532170
43877699
1485550147190808576
631136018
1565336867197034497
1562798158018932737
14701981
2323977823
1056116229629456384
1568502601196642309
435661367
2820415209
15221598
18470730
16151271
430440256
990002259277893639
908366530123108352
177387858
150070911
1028975096247926784
1552475960557142016
1557451674846986247
1065251271106617345
364730988
1430322753316458502
15007222
1558877750076882944
1584057984354844673
1565888712856190976
1110919268105744385
1473615435341910018
1280219650429726731
1162328934773510144
1453924554858905601
1431173757897351169
1562886431109832704
836723648652316672
1001794746258546689
2986075458
964307205368569857
1539936273406005248
1548553946645528576
1118781398045876225
111975846
195830189
1522401126573875206
4915487674
1213911429830496256
1565396735513579523
1327212339888676864
1574550881953005569
232165638
1279388954504998912
1498959706655764483
1149784028050010113
1578691899736686593
358638140
3393981973
370178538
2786484679
1559227370585763840
1351080061538099200
45818041
2150023379
1503410082096488448
1588633411714965512
924977805489856512
1288011774784966656
2330831248
1144649595978305536
1570223548064759815
1512662714602074117
218240398
1575320600293277697
1041309552363225088
927477035718586368
1445391724302450694
1376878532798902274
1506180496363032578
429438086
1011494922560602112
253274271
1424458723746062350
2281991851
76259625
1507613259695726592
83865537
79971728
774342770618208256
101821043
1567671229577936896
1164945464669724672
1488985104596840451
3164510954
1405980839268204553
1560530763879272449
1035624467735760896
233132881
283080534
126115761
1366110120619425792
567554897
1455805945301372929
1576644607798087682
1139789166928117760
1209104571701829634
1553369797043290112
590027434
2303670548
905128912728072199
760063944606167040
1010265389509562370
1567242668278693888
27805380
3153978515
1487334588770885633
1544361837076037632
1539622881747177472
1161537454924587008
1565223129123008512
389394970
1449849462776549377
1492408365472956417
2974772007
1355220573429899267
1516130137565237248
14553391
22040798
898570095932436480
2885220510
1583291660204638208
947853800076853249
3074086756
1527527599811211264
1578460974834765824
1291689784985952261
1492913714139443209
1276524902758019072
1547175273606660098
1164622884037378048
1076080322368786433
1424745275902599169
192107138
1565821570962046977
1569487823425933312
1569787181354610688
1194402036
1549735577762807810
877217124741242881
1453809501627240448
1282357677771968512
1568357454898921474
4913304395
1581476752555012097
1567767081567027201
1207152129862819840
41812611
1577155280370270208
23575833
1552998892207235072
25178673
843433646962999296
7429102
1431203494640357381
1251208407790444544
1484195546185486336
1298502879074906112
1445827088817131523
1558052626788663296
3038224070
169064842
928244451805421569
2157797477
1304894664311529472
1490148891236261889
1253327498785419272
931269154820313093
230260080
720290462
1557391388874100737
2435581693
1430407018079162374
1560896131860934662
862758121701335040
1568715998261575682
1545151783353344001
1006064370487447552
1478906771951562756
2766128833
1520086499034730498
941053380981608455
1563262156115943424
71302078
1526765231078313984
1133743015091220480
122425486
4131095009
1236066576039915520
1354466466473492483
3193963468
23829961
1098663589060268032
1353373682052210688
1569338198806896642
1143473540773097474
757243280
1168548548104900608
1558554801662722048
2857749899
1580948743586734080
20972364
55483203
1561771429519130625
321141466
2564789141
1270652651999379459
1479963709380468736
1568057120670588929
834478030961704962
821468708098965506
4875946264
346069550
1583375794587459584
929452731919667200
22312600
1195769523917471744
253906385
1264504986932776960
1217543640500908034
1545080799925604353
1179141360680439808
1492330977984942082
786380865039458305
217506104
1568910055587676160
930333766584815616
784055956414009344
798245740065816580
892608982585442305
191027326
1568470276412940288
889852939237343232
1578044519743983616
787944650149593088
885180799380803585
141590473
1487197643902128129
1567865328331362304
509849786
824608671418224640
1567525236018675713
712813126564057088
2942430821
1518916685390036992
1464327338548936705
1501337123839823872
1192123878631333889
121804843
3058742765
1551917699198234625
830121008002654209
810608952614469633
1231365719125827585
1316810656146890752
281884415
794244878116929537
1313648580217966592
1567021679230205954
115354524
1559250043496198144
76974775
268322820
1227992478965542913
1458593680554541057
1409885268015038484
1487837883993976832
17466375
265578599
946432389420670976
1566286524689285120
92671609
152808952
22226201
197292226
1298025570832281602
1579462921804988419
1483732845944348677
3909080783
1316345522467344386
15834357
1519985875647893505
35981125
911934558647541760
46262347
1275125002887557120
1574727324616085505
1565650054589091840
193576355
3248336826
1321341120178196480
1446954010049761285
54938044
1551685324631412736
234308108
3253907365
1467267310062821376
1530209891637395456
927886429383901185
1561802636126560256
1557509262397657088
1241905654488371200
1126182106176966656
1578916378685456385
3817234289
1310917427602096134
1533350846846537728
761125724489146368
617853906
20873380
410007779
1204053271884644355
1543648076006653953
1567806502865616898
1567492923150970885
713020940976832512
1569631709188210694
787891236984225792
989048851754618880
1161174539902029825
1357558892541005824
1564987858200543233
1352445924459470850
289612870
1569813441870983168
1391090035907301377
899781645997420544
105089570
1037386434339131392
1567180521184333825
1124295512289505280
1519591531690213377
2513091836
16871541
1272008443801604096
1027325571397771264
1584146010783244288
765715446699954176
1389875759771172868
1182751857598521344
307827085
1009535474
594836462
1443241576969408514
31222843
44114794
1115140063
1498742092994076672
35500691
1457039676888469507
894963277381472257
3329376614
1421102865742012416
1507353450023170069
1567438969931177984
745563707472814080
56776550
1223212280868999169
1556206816492544000
1067563466
978932210559586304
1587114275470016514
1562575197424988161
847838423880806401
1280690602439356416
1182480196399558656
1081227508412907520
865684963802271744
849531190654709761
278039618
1529046797720485889
1461649605137993730
1280820495064195073
3379052465
3996449236
1370638134
1465750222915743755
1522191920294154242
973807363043020800
4811642780
2784595394
1308809336270000129
2985933789
81761416
14326514
1569250255253942272
1106100085127942144
1433685120137973764
824548669903015936
1233514458338725888
1343977190262620160
1565210084262744067
1569029438213603328
1353699956977250311
1558166914123403264
2152902656
1566442050127425536
3543161298
1566914365135241224
704414000
1082130428339896320
462951069
1473421390959235073
1565596776018710531
1485077042555400194
1566400512987119616
1342799571034939393
1453956173351194626
1553381871605653504
1133690743682412544
1501750119464849411
1584920590875607043
1559460757212958723
897039272968019969
1566595036477014016
1544883356286025730
1574810038186967042
871557684
1569794352461004801
705018829513084928
1313752217783066624
1562298161627930624
944221836686057472
1567453615434133505
3172220901
1152482935410315267
3040042863
583657176
1572942991928578048
1237212249036480512
1543617113318883331
1236432150397943808
211267636
14458385
206830178
1580886912973377536
1588490982189834241
30963686
1291744821296500736
1254870114844934145
1547076883409506304
1449081348786991105
1571536006741999616
363878246
1544809841797079041
44285642
985290301613850624
729055989090029568
1572667714078146561
3019271617
2887665796
1423678466415894537
66635077
710329574194720768
1448530189303046149
1553282635169992704
1576304755718377472
14265755
1404202108698595337
952810179841679362
1586386205243064320
1533639744063737858
1555537075453263873
1504578776
1566547438319464449
1267309230161158144
1456078126891642884
117021322
1564075691960053760
2989418567
1040979469664755712
1580881158342156289
1569577571515531266
1388518308270514178
130170931
918546032
41359176
804057024
4677882379
1565278177735634944
1462983458175664135
1561941045738319872
823570898892431360
15116032
1050347550
1166091116812427267
1572871818171531269
1586099376270852101
248447082
1541371379123109888
136357511
2285855030
1448651374535741456
822224009098067969
1572212634476216320
1210880636413599744
1413745267120119809
89405881
1464240257520791553
2873568583
1354999161289113600
20192511
48011046
1379488409182371841
3119076662
74752151
1569513833290694656
297246643
1562713456263843840
1162377114781286401
1481016561985069060
1522645710524583936
872557641108787200
1539897698022834176
362391616
1588768260752818177
1557024244634386432
30245643
983829209041850368
1305432052683005953
83369418
1271560840416595968
1024581304464142336
4807561
1503721069894840325
1542584243603517445
2370227798
2542985394
1563040599460413440
726872852968931328
67815277
464140899
1222155457067962368
1860987451
307284419
1569913924014981123
1176511336706166784
2649871646
2411027882
4033646375
1481592950698254346
1369632344441716736
1320415755415027712
398248249
2991904109
1209103407954513927
199729630
1424463129749110787
34104038
926064793185898498
1560294505944961025
2336803386
1556476993327300612
50850538
960839268
4848378013
375625027
37297803
982237056901365760
36936556
1503734621216727041
354956089
1190693820213673984
796005813282181120
1037787265227997184
728483954253176832
915226014409560065
1491288352250863620
511760610
485950862
1570383698670882816
1570331952808431616
1061744493840474113
1952893668
918516239693004800
1520130926118072320
1508242181055782924
1114813447437467648
142256864
1524514594563235840
1405176797617135620
1241629802412605441
314594256
1547891241513205763
1545904117662355457
1271124279648632832
1583556437623508992
1238130746130300929
956974856
1343921881888350209
763396709787455488
382101930
1358031945234403329
835102956
17744535
1552366232875274240
809335754757312512
398157610
1401093240674263042
1531964932572725248
1588468782711951361
1568495058290081792
274331301
1569979579636355072
3094068711
3270280746
914438141137887232
705926906
1507608763812880384
90200808
892377755702231041
1532112943151816707
401684786
790784767709020160
1586648857475153920
1541796682710622212
85335477
100492849
837233082533101568
1586175102885933058
1558404249738158080
1334357775808425985
1041730840596635648
1577279129996730368
57884611
482474069
1527203310176030723
1539902015009988608
1562856928061313024
1570369871053201412
1368795917428666368
2506779379
1354634930
1581694775861862400
2998622241
1160171947
1519432410189877248
907999171365523461
3244033194
1569412312355717122
2988100577
1572638626571341830
1487800162705723393
899227677806272512
1206643880927604736
1580181304955604992
837341890865430529
745098962760237056
64796350
1260870353687138306
1321811133200826368
1521763682795016194
4820989554
299931468
1207384159171293201
11855222
1569178101548216320
289569717
1569387855046184960
1536057511023104000
1552332670172123138
26976150
1283462706910175233
1374797908218941443
1522288819571150853
1564949914043514885
2881659427
1567660049459200000
1316524761384652803
1226776642732752901
1478891454185545731
1565270010419093504
1555969092
1444404500437995520
1557460132744892417
1433082877323792386
1313160575153627138
637095519
48776457
1583681065503293440
1567995308587507715
1558814203326128136
1565410823832469506
112919948
320423410
1453117111216259073
1435683625668956171
1096710299070185478
1552408226376867841
818438350067658753
716875056
1442936743926370305
81046557
1567347419095994369
28403488
57398614
912517483
396214728
1020163531
1402966644478025728
1558136749318197253
1043861
3118834311
1505673657682735122
1287267004278349829
1399452199915229190
1437670434841841669
1337085834
1583781296169443328
1570442316912926721
1563149921657978880
397758465
1208932506
1222605721
1581221088301879296
1493257510903590914
1568994344056545282
195062040
42683335
1548516436804481026
931682988647223296
50962943
1568383971670491138
2935750970
1556595295911288833
1153522966442991617
394946074
1569446021691850752
1562120339206901760
1570303146714333184
822027752723259392
1566551810948485120
519646033
1509100663531192321
282134662
755599744911585280
1009087163286347777
35550666
761571301
1081641200
1231395020936220672
1252636260298117120
1581259225774362624
1565665948069249024
775611288223440896
1457671174213849090
4832594245
826526472475140097
1537530985046282242
1533888930625601538
1269145197755207680
426512715
19915112
1394537190
1569734052802080770
390743397
468478305
147275892
1473657245976125441
1441911619433365511
2547080238
2738012154
1562330309357494273
1557242791939514368
906144966346391552
1279646487832440832
1473866744167084036
1464467614172946442
34564752
1485293647532802048
1152302481147404289
1383593382010769419
1206574452286382081
1125669739441926144
202168117
3012127650
25116835
1483737652071383040
1528920016682459138
1313227622067789824
14066080
73372464
1575790797316063232
4017972017
218831867
1266274676654747648
1255854368
1035307707237060608
257090866
1469489837409460227
1520403905162747904
895547421748584448
2759299059
3268096160
891085621925736449
1395302259630743556
718799630
1492066676321714178
251835930
2403148489
3138250546
1554601145884106753
28543183
1160649499716587520
13936962
825054892028997632
1350250889232183299
1428497655655665664
2902284550
156464114
1433419596594352128
1552674196832100352
728954779838222336
20531864
1561034102526029824
410988385
1226135322670465025
2451775934
392542553
1339680612165173248
905132711504957441
1461431145426472973
1258421686464102401
1583493953889894400
1356639756025802754
495179090
1012962851374297088
1538554508740919296
1426429095798181889
255789534
1443751484844302338
1306613563234988032
1561081863460077569
518753324
1270411742170853376
877092460048121856
163133974
758133923402526720
1564766149111578624
874805009455566848
776176475338895360
1361970507185336325
29092926
914787668986417152
1548558134645768194
1447785052646125573
1255540853042483208
1544774397239742464
1287952864585764864
1467258678357209088
1564469921794252800
1523863228543033344
1450922962933137409
1429889535521984515
1330390312045473792
31627413
1573050936972529668
1557747320476708865
72660086
1576242432680804354
3545808521
1519604469276717056
706137967912476673
108131543
1585682955871166464
1551211837160652802
902455886781837313
1552382918663733251
1281166215256305665
1544834617500438529
978704695383470085
867804218622717952
4360440253
4848107668
1508115190713405448
1586409035187847171
980164631581876225
1554074042981928961
271075882
18628853
1369382454667149317
2919717127
796080768023871488
2718547857
1201617583545315328
1294363597825613826
168571999
832608734782291968
2951582596
1071121200313643008
967262306185785344
1319989200
1344580703246233601
1568677885174751232
1544888464314929152
1184985338407772160
787880096
1388366508770877444
2986474118
301522692
710370185518190593
1439498332603305988
254260513
1507051476245491722
1549186345158975494
830788494
3462960432
1579421493439746049
32336519
1270549280923611136
1567421021288013826
1566157322388475909
20716480
1347385282304229376
38910387
1488458637211144192
854323127307948033
1571509992561278977
1565418014509498369
1219017338
1505558717965627394
244215980
1510159100927430667
3125848234
1437499391510786048
1152085585114193920
924324392905175040
1157238287708409858
967786217491320834
208454858
1537331878402871296
64385751
994154448661299200
908895207432716288
1430647805023039497
100574360
1568029780943192064
991259543584804865
17562918
1488107077230866435
1571144683132440578
770603040487403524
1508971170506358794
1565924363781771269
60804930
984927017555685376
1424004475459710986
11256172
1577369494179168266
943451480
1546557191494242304
1557373076110823426
551899010
471700934
1363270943565639685
2543763651
1455126720869277697
1578659439913144321
84807464
802743308019703808
1503354049533521925
1144345314591223813
2575389680
1520039738702508033
134854805
1289302296317145089
1568029232713940993
1711335456
1565916634212089858
170322906
177903298
19711691
138514736
43406353
1557507490308190208
61908601
1499319071384522753
1531796174528827392
54240957
3295334721
800555247265411072
2748609163
910537891776000000
1576004252065042432
1545165525009006594
2226360259
36985276
736218095900053504
3339117243
938409015004028928
1561006929170026499
1164249991440809984
973973466
1568126873657286656
16441460
1541237101471334401
1241478847138353153
1571233507002748928
310796081
1191269233839296512
1567603343551303681
296930385
2736180247
338965268
2860125885
203534979
1563052247025479680
1299043408112226307
2565527264
1567004155608449024
1436380914716590080
14136479
1550475095474413569
382172416
1578802547573153793
1585968329587511296
1490023980568219651
30871500
1446136751982977032
1453944110646116352
99954527
88326297
307387069
1552594010245632004
996741
90535212
3429955204
3196166402
1433300043704852481
3296175061
1581589321999679489
1559854291573096448
882548420619227137
874274923426000896
1500562744919171073
1256644369077219328
1579869542
1422227672428531714
997462095942832130
936601598134046720
1100033033502183424
1213732886039293954
1152138019668934656
1272603059911307271
259954253
353918546
1448001209298731020
2366486288
830165126795972610
1479606327987306496
1525034744681218048
1529501251674726400
1569742926745579520
901164845487316992
30150841
825816895005790208
1055318832548503552
4016436745
73515562
723226744845656064
1270236737667624963
315890596
1726090046
1209480485811953665
1288662151465377792
1564870361820299264
74702687
1544735142035525633
1563247312549597184
151199395
2513045700
1330121520971198464
1562898040481951744
1326126136980623366
813022710791999490
1559044478945529856
1129143092
1492483861644820483
108045600
1512605989362704390
868404100936945664
1048057690361155584
1576568228717158400
36493080
180560883
1552398600688340995
1150218466303139840
1260186434004107264
1567894970421452800
1564023057152221184
986356072842588160
2231204490
958624270954921984
1553077729293213699
1527227101832695808
1508459656636731396
954756713231671299
1547066611647102977
2666516678
915678674644484096
4040681483
1074376232957964288
1559931996687609856
798370139041333248
827940148553854976
1557681487322955780
1184478418865414147
1378055257901707264
1519823238083321857
1366433738368966657
1309393753459879937
14862950
1182974435025797121
915848099519717376
1089962451234254848
951583049287979019
1441212852
1581432867665711106
1407431723206463494
1093186650300137474
1451472436390776847
30976476
1578657629806755841
2440679858
1568263761693130752
930108050425499648
184378141
19483465
1249883102576627713
1339545931264356354
1500488523866329091
1581127926405177344
1360624308100476930
1152274639852208129
1341071496655990784
1549127405918461952
1491389246539591681
3420912604
1555926917802598495
158525196
15629639
972137005533589506
1584115508386881536
781219514520309760
217055515
19966178
1578431952822075396
1545985568273752065
1452813172054773760
1573977051844984832
1380387469820973056
2151414272
1386822564002029572
1442682582756364297
97787574
1372611170436325381
1392855625252577281
4566444982
592763256
1220324905943797760
505915347
237722147
718179895
164459816
1385823047504957440
15064115
6557062
993576873983709186
223093135
1171441749073391622
1381237992778514433
941876785934893056
107025854
1513036740898201607
3380649779
933875791292755969
1337104588730757120
279086425
2560179707
912728896604446720
2485668158
1508103269943496710
1567900550611746823
125428185
1414249820978548747
824519730
905720343645392897
1576681242375905282
537470737
1281810550926843908
767717065
63165746
304290301
412659889
1403584381013446659
3168929006
826829632385196035
1547036928259891201
1585958744776740864
125027154
1175671497068818433
815990402272624641
1933067306
1584409411555991553
3946519641
2570297421
1282198348632428544
927889543
1567550208908886016
100942489
1561646041379790848
1457520933305032706
493933905
798989441507332096
1583125476645933057
887862520555290624
208821533
1519415089
205831342
4196274805
1557064951562653697
1293290947321540608
2256228841
458198728
1570059047608651776
1580363497979904002
1571899787934318593
908735693177761792
248255104
20312223
1099607787045355520
22624676
330903803
884839602795692032
1099434345868283912
1290838696065867777
19189161
1072494763545452545
829429627009564672
93663834
343253060
1231085711253745665
47569231
55910405
1429013275920896005
1379510761848852480
22140602
822438491699060736
19383954
4845873757
1566746358903619585
57518581
1199666136691941376
1334293548318003200
1424844847115079682
1055345562613137408
1092603805601017856
919316734615654401
1397567078203277321
1570010855063822339
158429678
138194144
1380582185023889412
1427936386728882177
696966445813493760
1583497216882511873
14542977
774484694457020416
1582867778997870593
1375437132009979914
1567967098965528576
718882635771043840
900137321605083144
332553806
1080278198653337601
150137537
4538008698
2407462028
1251818650446770176
72197274
1416099919098793989
1557549089318965256
1546984868
1563449764200345600
3951112577
1568535628232409091
96368598
1582718210239041542
706139602
1564274032291217408
1458262515872407553
138433414
1004989249685356545
880585982835380224
16672265
1527589480198283265
1523353487882526722
1518373851109146624
1548203937445978117
1082304936
1586080518189228032
19463576
1425758575
795743240246980608
435151907
854775429089157120
1326553286669819904
2513220221
773799827306123264
1014038621329002496
42142914
1298732545861877761
1480153641629540357
1523155505799127040
1568157851033505792
1584673365742305280
1400354314518896641
791388579117268992
30403668
1388048971894038528
1571231400300355586
247722171
1347909496186806272
487843987
2499735536
1568927813427728386
408767813
1504518546663129090
1567573439317266432
360713948
4886854444
1359049936525025280
908076577157763072
1556335180029501440
1230365519968194560
1494642538225213441
1544612242762637312
129072643
1026940832144740352
1103747282
1125244839644336128
1569607587498434561
1042395315926589440
1667182039
92810117
1116758564066869248
1578725610230525954
1511245150781014021
867775345390432256
937406989843517441
1557699266382278656
993480906861039616
278401090
1582745219312803841
1557274705304121344
983288784337997825
1558068710912720896
711160145762500608
1328799361975857155
14501632
870774980228911105
1560368570554540032
929428391320850432
1568101971294584832
1511517646684049415
1265644323846139904
147748978
2310440664
73211444
15991918
4825230375
900376484321398785
964082906628087808
1567373011250184193
766531606152552449
1553368305754202113
1567156261325623299
1458026093965975552
1087899031961952256
24733117
1239893984367063042
1549062051548565505
1563568526371471361
1519913948417564672
4632661033
191366759
841437061
1487854887949914112
908654076128301056
1586076337588117507
144140816
1565773870086471682
1387372609294065664
902603864158990336
1579917492239097865
981371172439887872
897296953943375872
3900869914
1516001497053827073
1169888305187475456
913664456177209344
1426834963262058499
996840716537159687
1566581156891566080
4539971543
1569615047827296262
221974197
18560198
826551673430630400
1583940142682742784
4782302187
1537344265247924224
1271299765385302017
1394961067
1584704088968757248
1507609344518815747
229863350
1056528921158672385
789107706397196288
923144630375460865
3401485907
1563680426597793795
4895278276
1559090142391967744
18844876
96069848
1483714558498062340
1386440209169108993
1165307935259594752
760387062969184256
1554803254718070785
404057579
1184119677578035204
1925775572
1245265880780427265
14193133
1558975364491137024
749583
2860492050
370628756
1538898818535759872
1486623752959922185
1567711241421946880
1228460685949984768
822461182711885824
1434053046061834243
1569415561783787523
983870877770149888
1692640519
1550020167224430592
1552276884955725824
1570942947801047040
1296068081546981376
972911615321534464
1381914009771868167
1466161820843053066
2835787297
1548481638207672320
487415418
19203268
36717659
19359616
1488487086118215683
838861380576915456
933025606786265094
124891437
1557632881954115584
938936523784949760
1567104483649552386
1492347009877311488
1325896338316386305
1489575037158170624
613814930
292293675
1444338617367728128
1232001557195083777
1568610859378962432
1347755684486664195
1463212602008354817
1224006009733042176
807475386556837888
1260312326
441815108
1581879117020266496
1522272374728495120
908393027797962752
60642052
1496656121699971079
858106052159705088
4074668536
1577866440971112454
923206276242464768
1562919961470717953
833696431210897408
620817989
2784105782
4903089694
1576749416
31189808
1367086724594204676
1567939662026506240
1487390508716785664
43688360
1559563162566942720
1536951699704795136
1562217206758252545
1570392503454470144
1586650113245675522
430879670
1569726163555328000
1355597077972189186
1567926217520697345
1288714931018313728
339793533
1485260560237314066
91163912
1463779056931901442
1547597005068726274
225837516
164339378
1128167539
211942506
1491472993524006918
1527093832805928960
985228086928125953
2447265576
1262849668758876161
1584316358401167360
1557468127838973953
1200480180
1567749342592745473
1564265170335047684
1529917166514053120
28080256
77236236
1230337852589789187
1326904700885721090
1502024710422507525
712303915002421248
1479272069766520833
1566854648799051777
16651039
937031250937876481
1278635220833427456
1564366339946561544
1405074958791823366
1563603175072219137
1330306933534957569
2745046959
880708190161260545
807329215658029056
1493078770017837059
971369234
926605116853161984
3234600212
1557240338930192384
33466363
1351246330354536448
1571896989226352641
1109016799180406784
711877413886697472
304975144
941655211633885184
1431296572789116932
1349125124121886722
3890383877
738344740979150850
543969699
242094224
952629163407691776
1558419933939306497
1565142347348066304
1474534083413917696
1197531249327390726
452419292
1487986695534436355
1562613121784590336
997000626889469952
1560999531159830528
1576082287514382336
1567534959593766913
36217049
956544191710015490
278884622
1558908241802719232
1477195585551691778
894625785851654146
1339998524377722881
1090279147
1104382421078761473
1580123888956198917
1485414459007025158
1499876614280257537
1428012163227000839
3029414741
22907168
1565592842663239683
951269965008687105
3160079612
944777088115949568
939068041220018181
2982714884
2616498691
1154690482292678662
991104176921989121
1332114533897416705
3429393417
1494023987592155145
2730524530
1519142560186474496
4033172902
1567616736408604673
1525953083351736321
4076908985
1563028196593119232
1191769574548656129
1365899490415153159
1398215040654737409
925112851894865920
1446817436930433031
1464956236013744133
1579717314693341186
1567420412727885824
826072293524766720
472614080
930054787118391296
1474461385220308998
890395282818703360
1583819481096552448
1551249665219334144
861
843802803730497536
1582481294327365632
1568040691606999042
15633508
1558700274071527426
1536065035629645824
736294285226676224
893468245239398401
752861919287975938
1579119077125025792
810668927911165952
1581999860403912706
1567722060713021441
1138113119023173633
1303094319989972992
1567216013435109376
947087788851322880
1219055611922538496
830084713238917120
951591875441381376
1398990107139481603
230387035
1559652335131017217
1051624186794401798
1905575916
1492806157303431173
1583709978443014144
920404794011013125
1448596155223265282
2197865614
1308444304700973056
1182108067355250688
1278193745490370560
1570235574270787584
2241334020
38329137
1581172392092528640
1563084390384939010
1561455459860713477
1217429412578320385
1572519593851162624
14863205
169571265
1076644640609034245
1566625089461710848
1582356654888484864
1541838735205187587
1117085321580220420
3118987969
1507538228340932608
370932399
1577071561328271362
1568110018138079233
17961638
1030886565134757888
1521627563575107585
155844207
1568805385238188033
1057020417792126976
1244510893687226368
1564476459762307072
1558516476230909952
4227686123
2327757858
1317170013695053831
1551812375531212806
21413424
74816051
735945662525800448
1563103830820081665
971258675095638016
1402210030292721669
1551680293274279936
1553400037811650561
102172807
817860851684245505
1568602571035578369
43354188
1559141294362042368
969924685260558336
19776291
2263544959
1195060475760758784
1581670470595874816
1037207465006391297
3938173949
982648719064494081
1577703388380336130
1475166368622432263
1553182812315852805
299836704
1523065519074652160
2645250607
1582096734066442258
241040590
1573592194912374784
1087460977816338432
1290530037997817856
1186532281370005504
111666041
1049641525750243328
1560972403198414849
769217233998516224
1131830738297294848
1422614424980885507
971504420507832323
1546041508800913408
1065424529084702720
1372414066749186054
1497014667679760389
1533087724462559232
619941942
80879097
4246354816
386166176
1555292460443738113
827925459685945345
1264960200664125442
1102724503
3215436065
1555083508791386112
10520572
1578176782838026240
537105277
520102747
1345629427816755200
1560726443725832193
1574671450963050499
1566090108633489408
1569697182718242818
2916395537
1539691558051651584
984799938713300992
1560689736364298241
630734040
992059937131057153
1539599684112490498
1567863737800949761
1510098009832386565
1552450624112951301
715145124011982849
1567500251996590081
1522478164924112898
709003
1147034952317452288
1570127490089205761
1895393316
255561413
1507247568673284101
443557785
1140900777432514560
1567705720388464640
1583200579899236383
1562228607929712640
783366045935411200
1353023541000679424
2977728789
1557141089190121473
235173599
1557444295937908736
390878083
3089377924
1566595521506074624
410007599
1542559474577248257
1565591671651581952
1567289535536533506
1459132071050317833
1541801030316265473
1027188520174215169
1558369292391010306
92452728
1432298924300066818
1502334534045827072
1586013641836748802
863141716890537984
294533228
84380126
1333199526237114368
1571463538706726915
1530033325750251520
1033393337775087618
1379344123866439681
121130984
1580182983990181889
1568757925308469248
17870762
974233207293046786
1582320227999748097
1541778491477204992
3001826286
1572102464576307200
1558217646537150464
38518277
1588215208853610496
1496978987276460034
833760745
104166216
1587920355217182720
4265519725
965172828763971584
3999461839
1554722036467081216
17048684
1565706071137812481
4500795552
1570119397930373121
949170270102794240
816225310051962880
1440572150608371713
1565065345429344259
1579741009663107073
2238183265
1151230546057531392
861141763
70281020
104211492
92710065
531008374
1586621577294225408
1514302654201139200
26706752
307579403
958833743447420930
1587194790659215364
964255131607891968
1523870020727681026
17036956
1176836577374494720
14219422
1312437004106428418
1552650525170028547
31005744
1565315537936203777
1558056284036931586
1311534995362775041
159698838
1461748889107714056
1567068672761667584
1245658623969091585
2446979430
801746303332061184
1567908474419306496
299494145
1347665308094521344
141190211
1316234853398925312
1365672211
1564548850651897856
15978769
1569567945646555136
881496579588403200
798196132815831042
1564630257646403587
6477232
1189039556454055936
2503070893
233421524
151544596
1146212631063060481
211078953
1553405245778272257
949779346193047552
3359804104
1164594435616677888
613499527
1567492636767838208
1295770227096027137
293647394
1262666246
1437150232115023881
1562885233720311809
4718478747
1325524877386932228
1528760518411960321
497601400
1537479660161814528
733234912417984512
1570298844113666050
1578567568520003585
1411412777957216258
1469070541
1210327759437864965
1075804135524585473
60128042
69657454
1122371307985756160
1569662422331568128
1553496733384151040
124272334
1567427066538217474
905735678
905188579848196103
1871597030
1002356656376827904
1569630371364618242
2497142899
1543923314011254784
12115532
1667209862
1272170152109449219
59376617
1451011726233808897
1517833200
1569290450397184003
3298460539
1483522682436173828
2561926898
923250365650391040
3140917948
1250452886753906688
903561115
1544511303208796160
960560322992984064
1567798720321978368
892740608858759170
1441781275891699718
3359787612
112119900
4165587375
777222502451937280
827918191217238016
822475376312127489
2301787478
841632228
935533890902556672
1065493285760716800
1576937068973809664
1515621174
1570378058414100482
26985309
1533914418156797952
1372409882075402242
4896720934
2775384164
1553172117994311680
1278259977371582464
602090062
3313729591
1588241577914277892
3252908319
1541972541459374080
344633710
1586858904
1431726330026987520
841801978057490436
707108640629649408
1038250903059329024
1432985362083848196
1557725950514970624
817582127827062786
872860799613550596
1563606490837004290
1063813861
12616642
1406669848537559042
19210045
842116692956311553
1475359684873752578
1333759682561806336
1165751410992066560
404806943
1563113471088402433
1568939737502650369
1574833178355060736
1452388654425333761
2677045537
253100061
1536857373893074945
1581157639152623617
20804051
1374716287419437062
532761738
465985926
1257402565563744261
3420752674
1092450782744596480
41804924
1514166945943326720
1382244225807491077
1036498434377703424
558392780
28567059
2815154124
1208804106791460864
62296318
1564994721927544832
1564824752685912064
1537444414615801859
1555643681499013120
1579897625201246209
1470793973610340357
163628773
1502033902885654538
1246826741538021377
15627996
1557982615227240448
42692304
15897179
1443490720434774016
1261655468402970624
1387093969839001606
49311606
1502704925482135558
1581180219007926272
1557348500022648832
57646540
1234467572365635586
108838948
888333331699560448
7707022
1425538843751682052
1566457752876027904
1585659468301451264
1539202573219299328
59217425
974241090273361920
1567555818609954816
1006116380737966080
1185967332583247872
1224801474607288327
1581964880646590465
22958939
36402948
1184490032196915200
2521276621
911983213
1357848108
1576645843733602306
1458090194268213256
1499032596814376963
478157338
296497552
1975478082
946543109856378880
1580130448889503744
609446358
1012699555
18183992
164910745
996561451140579328
1093527142581846016
1355210423428116483
1583262821651197954
595479894
49011247
25285628
1018090751371051009
1519454263780556800
1555370180846538758
1428596433779773440
15006084
1570460138875621383
47060704
2407004541
975539405397090305
1569600972967788544
1370915782411096069
1581255569477963777
1366838742485520384
1564753121817108481
1203015456841457670
1233967382172844032
1372912629262512128
849133549
286306529
133343155
1319863535229267970
106691142
1245078744483672064
1567569047155351553
1583499097222545413
1543957796345053185
1072536387591815168
1457714527680831495
1582726842976555009
9930562
1574727016984838144
145316698
1329870870634967043
49848950
619917425
781604616781856768
4194863087
736455267202826240
1537906990386515971
1256559339126620160
869132384750497792
20167125
445147738
26797501
20964514
859124390977470466
1115928478711468033
1300910542140379136
1557872258596700161
1467848777566466055
1224434654679306240
450833429
613957395
1568190180359544837
1052904220003893248
1569434768118353920
1535328263316332544
1582963833819258886
1573199762081431552
1506918246087368707
903325581550526464
1398414481093447685
1584105976025825281
571034678
921831224
14563023
15174045
1567306987561443328
1542390007310077954
898433300615712768
1009016449824849920
1451235077292269578
167554168
712473208696344576
292090172
1612738082
712179172857098240
1714062648
1410546051384229893
42601005
1553397817032458242
1228001539626762241
351979945
1493264300235841544
1568039781682003970
2165922620
1385766337566232581
1535121340440662017
20192198
843414389822803973
1567526981251760128
324506394
1334876655555391490
1311097616839700482
1538396658450456576
1557017565725134854
1577972003784609793
59622869
1576914505606496257
102819270
1546149998861389824
929048363974254592
1566047150936825858
1580939043746942978
1102179472705376256
1582221198985158656
992609726042173440
1299035411004534784
483195215
1476126937122676737
1527812105189089281
1510912862994276354
1565769393103142915
1416351648377675778
1558147501072404480
871376429426114563
1550503508784332801
1583328464928751619
1577588721385365504
368034155
1128758482075836428
761713131429044224
1575948423819296777
1470511124
22164682
1438795054710099968
1569223135462920192
1174866379956051970
1568523630782431232
252303017
1544978070855188486
1128859106607976448
1566920264352694272
1054922348808167424
1541420644294082562
61933783
1014079958422052864
1093427329454477312
1584863894371274752
1503216616435118083
1530580596040384512
3487316774
1566806380429733889
1493869092935139328
968622525839179776
1563260542889779203
3302778046
1565789565712879617
1558145325373837312
1558694694892326912
806583112222310400
16186656
87246782
1510360270924828681
18627747
402295384
285270737
1546399149783924737
1282963173348433920
532108678
1202989840687460352
16202671
2768894081
1215699684846637057
61231283
94480781
1458390939337060359
949676962754183170
17053611
3823680795
1088100576079085568
1580417348799864833
1283019085
953642596932481024
1250083464520425472
2695318343
788751085418622976
1587516432476213250
3907105584
1469108382925680640
1460247808590581766
1570056422343282695
1554014924866834434
1562443090970824704
907581847009296384
1568936716949667840
296237260
247516469
531701559
883475461896101888
3130740671
1335599870820888577
1567954539013177345
1160941731925254144
2397468266
887575633752080385
1258741268970119168
1563039145475600394
1567903220093300736
2377433732
367002555
1325662543419990019
1504142136324894722
1567079807040495620
1094288436477943808
2696788248
1549832299000336384
1394941955839250435
122757072
788926076961624064
729298602875445254
1588802191636267009
3479120119
1534077724083494912
16571018
1534119242307469312
788017366701445120
17166913
819952051090292736
2542079311
48776953
494481141
295906021
1413024743553441796
25605454
1098137329749774336
1466816572371124231
366498596
76226354
1374830726596730885
1557905587349905409
277664563
1248199423798075392
1559119637362515968
965284299057565696
861477800
911119751610617856
1570384621317066754
44850418
1558450134278705153
1261285223226105859
1408980926
1372015318961422336
1578740220178014208
1271482878958940160
37387919
2646926532
1474246918721187842
31022267
567769344
1492031425553768449
1588441728637337601
1072011179961155584
298594560
1688544320
1568484986436698113
1508317033678741506
24037964
1564902322001649665
990379932655259653
2901149870
1309574567137030145
1572076685138313216
148066177
747634656611270657
1573390432586924036
1587435569629593600
1129016664237006849
3096292230
14390370
244922232
1531342912826515462
1565514313049280512
1565366472318210048
1516717655159418892
473096183
1585932651650813952
16230190
1565671443475619843
17691236
931055758971752448
1565935212005138434
54027300
1214596797374566400
1530905537537261570
257133681
154345487
231873909
14204458
1255938494058434560
602502776
1218466189766053888
27711234
1569273803552821249
1563861526099935232
4058723953
1542796087219699713
436456654
193294335
1430059677165834242
1548352906226651146
1567224964008255491
413662460
94193049
260759361
41720539
1564216133665931266
1557995743264350208
1349790728856231937
1493112658765430784
1046783624920485893
1561347269227679744
1568977870068023298
1570344980891197440
1468466980093296647
908620552029507584
2159566136
1524977143809290240
725685059978678273
1352065502038814837
65227347
852448978377601025
291789971
1179405512946802688
724479681928531968
115991458
1395335743749468160
1566229175802929153
1284868836857126913
1014759822309380098
1560305424141787136
1265422345499406336
3060836348
1546051112855392256
1529521518551928832
1517209956722049024
1038831920132513792
1173710538615996417
1029364613194952705
1568359552143314946
4020567147
1488018440627519489
1453698992538275847
1489545827509223425
1255309522937274370
15785152
1479577907387375618
1205348874648350721
2466478848
1565852497025142784
1570865779565891584
1580559941647347712
1616139926
1050357261829332992
1571210029813977092
185663214
1513154658478530562
1382393082839195656
1247616592286007296
611967124
1277468815270400001
921291804661731328
1537064860227252224
916578149554708480
779993864522256385
109182863
1296126265121034240
49978915
1311446431
1571031983731490816
1429886725522804736
1559972185229385730
3158085103
1569424458376421377
20541780
1483281847383904256
1551809898253496322
329391325
2332429513
1506277151988977673
1475158474560610311
1357326335027380231
739962530769055745
1568464780960174081
24411256
2898422475
719022910225129472
149135106
973339526
4857969898
1569729906145378304
74163596
894322678026448897
902032951684329472
1586034622311596032
1569372027663810562
1546512809936261122
1508935632881598468
1566862636708335616
1568110836153188352
841984238
709073835853799424
1474267314
19917467
223120244
3026394550
47294752
1581968288678125568
1175374894051332096
1426840502993784838
1897512644
1197757201533698048
18186108
92190165
1561757232530063360
1521841991859855362
1579122577322422274
1510417284816277509
74247735
611099598
1045759430015553536
86961179
1552702939164450816
1558784295124103168
1211534104249786368
1540831723906367494
1534618143951290369
1565060899605544962
950687185186910208
2783413512
3292530666
898247056443060224
1471390443451535361
346771247
913305820829450245
930490745181626368
1543662130066427905
1340801919615459331
1568615277755248641
1554866940623077377
41736495
1404068122114527245
1547486803627835393
1572228040301723649
1557898658326237184
1364957699822284800
818175294125252612
1222025926373863426
1567514039344939010
1545168736394641410
124074098
1230312300420055040
1394994690538176513
1542601107012296704
298602588
1579202391768981505
2952782278
1569528159250554880
993547949291556864
57905011
1388251671495593989
1533935874144374784
1056490742
1355491017382907907
1528431486260678657
1550882669881430017
42675514
1425316736673345539
156892576
852436798013878272
1467871377499766790
12873542
901423131239297024
1490072674814599168
1565588492754661376
1544550253109592065
1573850209834049536
1346859248064589831
2885181520
1547916314752143360
1432708148469673987
2967377407
869224204813709312
3027964882
54368762
1242203251384221696
1318966214002081794
1561772122355257344
1565155558495522816
842136249485864960
1451545591058685958
1105514868503953408
1565737817208152067
3196911133
15813875
4252398563
1354003230112575488
1565785151963004930
112758574
1523853160657612800
1193124971381510144
826532166
1576334476229189633
786110764637716480
1216245994561687553
966073551596998661
1569799078908932099
1082656464714547202
1369462905746374660
1165668957518532608
1583842855667343360
1284991219555348480
1537881810188660741
1564527201437077505
1406277239088549888
1553825859487862786
1471601603434057732
1152341632190226437
1569441372158976000
17221835
36777333
1434241075720466435
1374537999082426374
1567969234545770496
1497300751550496768
941580590154960896
1176815885874393088
47553808
1378621904362291200
112625814
1564290251559936003
1568362566891495426
1257692905
1138144982
85311413
2734574562
1577054675572035611
1537023807139061763
610981768
1569262784889626624
1382868229765230595
1514661817724854280
1305984900231843841
1563373997433434112
1488769860725186561
1306668074251292675
1560836263816855552
1526761527529078784
1572205020002619393
1428639789809426432
1431344343856648192
140537037
70547301
914591637313028098
1569940567663992834
998559749372342272
1353273043372666882
13850552
3362431211
914622223
1546395136501981191
885519804316229634
51704287
1019693010156752897
6183862
1558220163396280321
1569744593608151040
1568276225206145024
1372199981952679944
1548583931934646274
3130890700
1566110345248526337
1499329963417378822
1564543011576582144
1086369578849062912
3081786572
1562825405694115841
1562630009507889154
1575946347835949091
21875018
1549728366290472965
1534958870094823424
1569029425395601408
3244210532
1568629457144913921
1316679192273182721
866769742077603840
3012608549
1159500479098970113
1569380132573396994
1559025030515900417
704928456514129920
241864369
1563318711272210433
3153046052
1143610585130700800
72764810
950969243864125446
1275057825203367938
842120626143911939
1585916035055910912
1565634698331803651
1500625428033118210
982715244073160704
1438438269532966913
408099613
1568152817679962112
17164327
34538736
1002408638625902593
19013088
300218116
3399110081
1516848919661228045
1562608553231192075
1586712659797643264
1455887467748409350
1362501871978635268
1478865879139901440
948176136458170368
1296170663972163586
3387978022
1543854844460822528
1332695512877658112
1069755848359067648
1578047182476701696
856009225
1428457819607486467
1396840603
1565036499476910086
3794788708
1537407601
40830964
1006364087998205953
1349963954039054336
22068372
1120556588325068801
1564531912001159170
1179642746845483008
1494769728237486080
3362391413
118619816
1563733495616360449
1565203318133096449
24615378
1532562743043141633
202976757
1189251347209572352
3237252124
909525298424709125
2256257277
269858714
1466149933380259840
217649281
823360184345104384
2909885880
868656713179713536
992191
1526151408
15971512
28277474
967589684745527296
1508818152624300032
342825283
1570477039832145921
1101583105947779074
374408657
2838110052
23909264
219454680
1569982840166649858
121874897
1569584142022766592
77318624
3059065245
4338731120
405938404
1463622692
1557311725850218496
987654954
1442631726287699968
1567980318891671552
51670380
1151277020669628416
587658125
141154535
918162365631418369
709809194438799360
1134858920164564993
1563656621108207619
1559831722312679424
217433566
1920787387
1571912265816752135
1538266773291769858
1568067264066293763
2984995233
28593073
21282443
1543145940957237248
1559614165387550729
1263178266824847360
1193285519842648064
755006744611459072
768510663027265536
833071
392302151
161387499
1577695326080753666
1366961233140674572
1569169466537263104
1531653269420126208
1567870668124954624
1296698567944368128
1218849462644355073
1581990627469828097
40705587
1569722426770227200
321928522
875439806557208576
809761142427918336
1552473452124192768
1227923241542406144
512842913
1571178345941045249
1565651703076032512
1138592011286695937
7258332
862136841880969216
1573431581938798633
555031989
755676501803081728
1484346278259560449
410041882
1568218173530411009
1467858467960594436
132315426
354703459
1569856602395516928
1561836473401360391
1583054460346986496
1434847574440112134
1563192461601939457
1571227347348586496
43418106
1527772653972512768
272327405
1147795633752817664
1484926698806288384
586841665
1542109794743586816
1382322757824876551
1735440912
939623341173882880
153564262
393171722
890352244033429505
1574566705
778246183366041600
825424156338614272
113435043
57315906
1563548483017027584
22582564
1550751219676766208
982856775492866048
1554999215075766274
451865209
1432030168365682692
1455560757739917315
1565140059791077376
1148105771000795142
47350883
1571787488707989504
741168617807568897
1389574003346395137
376626032
1361536079325786113
1366165307426033667
1277669285834428416
206789872
2654066502
2645588154
1542933280370184200
1522097970732478464
69687111
1484250106924777475
867422652205592580
857149868585963522
2173549534
1572288167323078658
1303067924060659713
1372135037353611267
18424946
1566447711506862080
1569138446672842752
1558847002682818561
3063431899
1525087245752885200
1265996469414146048
1277723965583175684
902944356440702976
1537685996099481600
1469107229639024643
2790414018
1487011966141018112
540297446
1240733270364565518
1413687342
1577079626047885313
1571072786579460100
1571577109851553795
1437950702949584897
1564498302615298048
14961318
1350918523309187074
1570911167454773248
876397382627282945
3102175015
1503860742654726163
1552175962770608128
22707820
388006008
1381296039781662720
172382653
1483111709254782977
1452615611083681797
1455267854245318659
134719598
1447633044450553856
1471175395
1062040099091894273
968681385824215040
1534074134698811392
941707495000637440
1372324157598232579
898909399439343616
799747865195053056
1565826893185961984
3062274776
1569706856112877570
3304875579
1441492640936050688
1456206468374482944
1418673944371007491
1539175884430655488
112449694
1569541564510400512
1314500023716065281
70289799
1510307028824121347
1131722108202041344
710134932148854787
4300380985
1458485366
1570743416249516032
436460745
21827581
481990490
1455279416641298435
1566090712910680064
1582849960298569740
1558043800957849600
1432605343008366595
3226681651
34157658
346567352
2478979746
15145700
1136416622
1334684082521956354
1567680234278756400
2196180419
175744078
1548992121167699969
949376854506565632
1085461447138729986
1328949324
1201203747461967874
1444395460526059524
1569917309598461958
1472457315844558849
1581964662568001537
1569368488413741058
1538813867517943810
1567943916342726656
1467510046565322759
1002241453458907137
14645656
1433220595064377346
1522391474087903232
2301390980
1481083087387873282
1473886550090035200
1335484993
700259346
4600309704
829499258248294400
1557384137325137921
1105649660088115200
1586996375442657281
1585992255629758464
1569196750086307841
811654972249083904
1539720217726799873
232849405
1585393236352401409
187796215
2319683017
1560890478039629826
1214196432564940801
927047653547839489
959182228721893378
1446032817096249347
116247546
1566682140473184256
2663135484
1567522165188067334
92799879
119272632
931996892
777834213198352384
1547571122283024385
844543279156801539
4764183104
797835
2465055115
1568230438694518784
21867241
1539918209461239810
1541011604329881601
1433732605518618625
1539327107989372928
1570430114378252288
1568893375503278081
1266771189386694657
1516002220080132099
1568338147737587717
1465659414799695881
1328419394196807680
1457277570458664963
1557294430062788608
2977311
1289879274573295618
1547638046182363137
1563447478502170627
1403700610675793920
66621978
606386162
1378886543734046722
278142798
182099919
585702575
1711235833
1548889461026656257
1547623645853364226
1447483406619660292
53281785
889665235040292864
1497172722182504449
1558117855643697152
1457435253694402563
1514021423995629582
1557077748102955008
712294128957001728
3130077789
761906
754376304573677568
1404154152289140736
164086097
1467967614207115270
836660642803175424
1541742502138740737
1579638213500698627
1381187801505468418
123758795
51378594
1461862585305870336
1566877943716085761
1439796294
977489867616718848
2148211164
1475092521566883843
1439621204491522048
1571256109578522624
1570697832100659201
840232462043209729
1107683254633750529
2341855316
1432537730744033281
750790181729366016
1567775566358626304
788365600733093888
1335376075107479552
887191092851990529
30472810
768661550554947588
1372898007188828162
1565714422479441922
1586045095253782528
1507581545107783681
3315268236
1565702034933878785
1059592664
1534558695044030467
269916112
715291608913195009
607251311
1552633593675059201
923138103199633409
1472889251381399554
2634616529
1445487280001486863
1586199462774448131
916007320072663042
1479848376762052612
2909556456
166947183
1373378703120605185
102869127
1566616379784105984
860935275182161922
3370410904
36042066
1264483574
1193780847956115457
1547620922139369472
432042070
1571444351103795200
76484258
1339768533006299136
1559725133434175491
1469419212
1507427776885837833
1091080508174348288
476709464
1567253976277450752
1579731137064325120
958865954
1563489648911208448
1509204174201925636
1397590222335057928
1353144271130521600
917145573173501952
708081216
1542844227218014208
1552583130250416129
1454591598331838477
1519070964746702856
1498471135612219400
2182026012
1492154322695557121
1492700768847212544
1428738788419948551
1514724467532091398
1546419324742733824
1520592214379872263
18273342
795675179364061185
1433148548003082246
892973483159822336
216303039
161521464
1184961104247771136
784527672927985665
1548771756302893056
1569967425591939078
184633659
939777222386298881
2927183191
3309095795
1563283833151459334
851663141985538048
1220635805867180032
1110048234037219328
349601784
1394098662557552640
1530616562805358596
20422616
1586341789258096641
1511731722144075778
1206313284
3759502633
1446196654328123396
1546093550466744320
758978838571298816
1563651773771964417
1563067827677847552
1573384319875403778
1892946858
1449529496042983428
1343621011577720833
4120372013
1535440109079871488
2342596188
1119303290498560001
1579383306860351489
1046770953257009152
1526311490403573761
1259871411851550720
23120993
1438914320960823297
1394561083839447041
742710478556762112
753731171478081536
3252376234
1526690458788941825
121699042
1549327303221592066
1543473870581207043
1540231987226615808
4875143698
1449942443927818244
1577035114747498496
838727509
1564760397051318272
115295773
914336662846627840
1250956879548858369
1565364592573808642
3130822067
1318866841968803841
214855016
1509093996798296066
912664511001194496
1525711135743569921
2793869967
1352326505527971840
773543264540647425
889931730781704192
1458658400
903438995794796544
1118139908944740352
1220323251311628289
1255549570127462402
1559045563244584961
1543671868414099456
773175451422306304
1536389014584016896
1489187804802285568
309046646
1542503171750105089
3972503001
1489195708250869800
1028181399357018112
2986152999
1558887332949925889
985552444636712961
882720172368384000
505333882
3317227294
458829731
1580246111272718336
899087984
1551044960727625728
970028613734055936
1582081142915842070
1342015921817149440
1580686036358791168
1199693687308947456
1485305736528035840
3984266896
1385037405367898119
1228482566
1544947823757742081
1568968663268564993
2297276970
788881374
15431121
211721357
1321746945732452353
3321985040
772190126483079169
4218124714
367476239
1351969053045268480
1869426446
1500036714328477696
779828918207393792
2477405294
1577570344831012864
1559615885257560064
1512355858641932289
942700081249247233
4190246836
958070887852339200
1582739439020904448
2434685251
1571237022332854272
22121238
1542365111372812288
1549304303432904704
1485207151987462144
914224917025103872
1570376073132576770
1316666929491439616
1492482227099287555
113394347
1378814268938858499
1579847126875521024
1430374384221425670
1572596232140234752
1532462338066071553
608473
2164114844
1451025951597400068
343674641
1543602993874219009
1404960566976856066
916909912365555712
1379762126
1311301481174241281
1247708360
1377187540579454976
1564429870062526465
2386154442
891097252466393088
1185290995925159936
1570342515588358146
1580804334211633152
45957662
1568426045984112640
3536620754
1010161530766282752
3253887758
1383143533666783233
184477052
1541414329555320832
1580446493856927744
3596301683
1565441275507220482
4260034514
1557745290559401985
1585944108484509703
1569525241155842050
3238374749
29600700
1439404445117255683
1359816137345617925
902561478292774914
352518915
324438382
14063033
22530134
1351824986843959301
1738708147
540819525
16513296
1537832061205200897
3327319019
1379237917
1263179926347362304
1448345594896990225
455061257
3104962283
538318428
1426885219097800709
217004870
1491215799540985856
1565075670551539712
1563555930242830336
1578506544681025537
10498942
1501316878681182213
1571907139379073027
171855626
1532557492466720769
1565752949577580547
790533199428550656
971136349347627009
1243776695896657920
475033147
868804525351510021
1575144348747972610
1557303406754414593
1004332490520170496
1569207450078773248
1403708269034709007
1014768330702327808
151643743
1511347592
1459933516028956678
1561006655151943680
1259032632169394176
142149445
3421996452
1568661503167070208
1438509715487531016
87932216
1582403274396819456
973414274700734464
3890665700
897596755424030722
1293071092962099206
1564683712712781826
16909924
1205595284526505987
1557821783780106240
1074394261561344000
827533566460514300
1581018893874860033
1368460818
1905220004
17679287
1557355302735028231
787392896
936272120
1029307425009147906
1568880055216123904
2221338229
1501426453086445580
1385158217492221957
1571366874759274496
2514667682
1357704531665162241
23016666
486351150
996025553030348805
1587692246647939073
161275768
1557087191297392641
1548677522812014593
1421589667670110209
1270624871471616001
1402255663594672131
859731483375939584
960335576489541632
1280878436639277056
1585104664638279680
711436496
743081248801886208
1500045581829689348
809171472
794815
1890541874
18974412
1566290425458991104
32214338
62233771
1320293758634700805
2960808861
1296649875019325440
368340177
2967653991
1565028354050273280
334711464
73149120
1588935416643813377
252560230
1567210172728098817
1557367644722024454
1570332820211666944
1289934025176621056
113346100
1569841839586570240
1055588481760681986
1486388752750714880
1560349689953886210
1462745236434731010
298704683
1353063777344790528
1569913578945409026
1060856474392498176
368489655
15058596
1439371915114713094
1569376632888082432
1122338114586812416
2740994424
2851221006
1531711677770743808
1207661269274288128
1569377837005639681
778946778
1558780387286982657
770728048085917696
1557705304527323138
1517284279809683457
1573046057017040897
1561412543117139969
1105042318686670848
1372825318264823811
1454707648721571841
2939715322
1258076192684388352
841880585278750721
1573895202657697792
1480176248446144512
892744084892381185
102463642
926781344838905859
1503036899816251394
893824988
879979755432497152
3294396820
906406707240230912
1581475210683101184
18361831
3940512202
1214178713639649280
1567075694760398849
1547227574014660608
1491809801474658308
943054519398731777
27067452
1567515665032179714
500155741
972160218
1371806708536860676
1139130211365081089
1377870981113372673
326229600
22370886
1573278192348979201
2244608956
1505879060798636039
159138707
1569921442246017024
2209140897
1567930541428690946
19720110
1554524610833444864
1222210076292911104
1586020833117450240
930587961296502784
19791037
572068746
20427347
967201305453211648
1487248881465556995
2158275842
131297592
1315333492495056896
18036488
1543838960622850048
916631469187108869
1369963168022237186
15296311
1569284147499130885
1022127404
1346157246477185027
47116312
711886310127116288
1525558972819771392
185326283
1435955156399521795
1564412729821102081
154583260
2540573335
296836923
1542079847534432256
927810197854343168
872432480
1361351406871973895
1527746225788829696
1704336470
1485963531971436548
1104568802673451009
798000541729226752
146486666
1217118003621498880
2221656626
1550313362084352000
1559267034726141952
911963963558027269
1101590913560793089
2422807290
2572840201
1040777547368128513
106728147
2297411088
29437344
1438691987834634240
352397694
486123835
1251248842672082945
1567667947484725251
860403791866191872
15009164
3195726891
1570149790268248068
1522569478449635328
710790409543426048
1571003880112066561
1585054418000543746
1309315380649832450
1296087060416040961
1247772594696122369
3145276086
603660185
1567914413356908545
4579073254
1296062615282647045
1575437875952615424
1586001968778121221
1368127919780995072
880770446
1538154625647378432
4802411
1569732075959492608
1341251846942449665
1314614150220267520
719140077763362816
4569204943
2575309712
1565652670962089985
1244703795109560324
152103083
1570568132229582848
1578187782962511872
1521064849324789760
334111779
1072375205496942593
1458084063022096387
281113744
889680160068390918
1573304192936153091
1557112836593258496
3096834521
1568629943910768644
116859307
274556710
1478828130722795529
1325050693808500736
1376667682448154625
1577016032086167554
1062616899975110656
1570561347720470528
1581720402971267073
409491004
1368556496166940679
986007690
2821128539
1533941029186854912
1493748278495637504
880993040885833728
1277706219789180929
968540855463219203
1530372802934476800
14843736
1557103022437814273
1391590448943095808
47580967
749268408
1506259369800962056
1470585462901379074
3299980450
1280959810020794371
898599986354569216
1344424811058110474
3406884328
2657378531
3291257981
986919313763373056
15775213
189627901
196680344
738342472871477248
1487930460311228418
1563514176475402244
838268472207474688
1558794693793796098
2300327090
477395849
2819349707
1568101309747965956
1270791621601366016
1549629216467083271
193879623
4918467891
86664115
1446412349221527553
3239026551
1584496827331743744
1550853213284343808
1380301309
762810032077492224
1568700022723866625
1005086192789016576
1430704627
265529629
1541458972871360514
281703275
1458288571949862914
1587893771613753346
1565361208748048384
1339352968160657409
1580771212979937285
1533459633096085506
1571057837052403714
991728133916250113
998844492357799936
3254696818
952117487956627456
1548192914953494533
1473658472130441217
16418029
35748752
1561385928169402368
1573258159589826561
112028543
1440862268741226500
1565611672773050368
1498921770308583424
1569064045730299904
1386356747963617283
1129759356948553729
84899976
1583638849091239936
2522924899
1572977419937538050
64787275
1081840114828017664
1108973408203661315
914842549
323198584
1421035475947692038
1566608079445270528
758004754945544192
3410377930
1553431089561100288
1013726692479651841
724639225
1394844133
1570211368145457153
1573393879222607872
892691961001279490
1557882021569085442
1253661
825894495312977920
1358647258460262401
890287614581932033
1575908217401806850
1562139913243557891
25260045
1037676104692031488
1291282986030137344
1585526219042394112
865521231298084864
935457698874880001
1587483236082540545
1565990885476601857
2891946921
986132525893304320
1300242863263870976
756520357268369412
1557249370575208449
1548400329602899972
30618902
1557976520689197056
1378596582744973316
2971699426
1554364426861559808
511581391
1581790342885564422
1313163751688818688
1253541878777229312
1566303420297883651
848708817357504512
1585737756134842375
1551293895899848705
1958055878
1559549802345627650
1525709643997401088
1031692594391080961
1241049706400075777
996601463810871296
1307534513078259712
30719644
2162873190
1557022958014861315
1560069305349410817
1538448584303341568
1144548079858700288
414795683
1552604348475113472
3174502774
793846741497815040
1232613878313431041
1240800761279176709
1364916483676123137
4156151453
1544659408210329602
1570040162461294593
1569826910649081856
755850883162705920
1123277248147148802
1248877174301614080
895475777952763904
1491005050293993472
3977505558
1506586696456216581
942770750674669568
55091934
1568419788053004288
994771612418363392
1640840072
1558097429408485377
1512859500
1515381044110897155
1566133931694596097
845698332056043525
1529862162839003138
17625088
2227406563
1543765200
909954458162913280
1566046889643999232
1507851093769965577
362035439
1266757857397129220
871618331115048960
1024967304293974016
16684366
1576643754022162432
909499347397693445
1549567092407484416
1542211422561656832
1576179368094830592
1569705119004119042
1568203607698452482
1569453835415965696
1486412475973181440
1676125686
902566155243671552
4303855693
2285143566
1456195921079853059
829957221673029633
1565304113662918656
1554785736062251012
1248059866654048264
1513334298178326528
1556323025104035846
1368628958003085314
1485738344520855555
1568330866597789700
359469773
1455546751293829132
1212081543155339270
1557355672127283201
436152521
1531619449077387264
3028347113
1358786734582947840
766448174022135808
1579027187772145667
15178294
4724003840
3605754615
4109034859
1484247620038103042
1537366163499499527
968210551582199808
2250643489
1426448343324979203
870286867660513280
1393394066977529858
2805773577
224085940
3716819360
1569801537748365312
930686427498733568
1568836978392858626
1581326152987197442
1454558864
29716174
2984759057
1529721717463339008
852834470516334593
1529783522981863424
109187490
948928809037942784
4903430128
1065306317768671232
3433934355
842909626039500800
1558395370069270530
875427627120689152
1530603145105403904
11409752
64774510
3146666149
791319330411675648
43621008
54984311
1557459601469374464
62846760
1532155854501208064
1357446948647796737
808658594954641408
1205620130731872256
1581201478685196289
1576017959293943808
1858765279
1566167147205763072
1257206720012541953
1576432862353465344
1566974219761721345
994067904252600325
1337534486494449667
1002669804
1377974686563336198
1558160504144773121
1483379998031552513
1442783474469912578
885431498786078721
933945350301405184
10627432
1184360806420484096
1565687691630596097
16778931
752290133261504514
1333651665518473217
1579478898097721345
1471917771013324806
3804943812
1570301280807186433
1231540659733041152
3859287628
1569951315320610816
2319101255
1454625238944210955
1557611812929081344
176124598
63725466
58404881
767264761247522816
10071772
1577325059135373313
1470161857595908098
1258858632487358464
1549893487151255552
1507880547678396417
1582051191646732288
1570028381919485953
735919923919216640
1240575016464453632
1586746976422477825
1538221152681615360
81425640
1086906383792893952
1558320030982578178
29811785
928304544886546432
56068870
222341196
1553333610073161729
1363691448827219969
2563667631
1570977994562277383
1954217863
1500133687404503040
1104475747
1580505791387369477
974577849763074048
1562645580106436610
3289707841
1452846900500213761
1007659496
59265997
1577982105904369670
917566957377015808
1434977105578713092
1576050946928435200
1386060749479596034
274936265
1548860823149453319
979799419053895680
2353952462
3271115964
1554196692878053378
1565760672008478723
14440117
1078265428433088516
1402406477889953795
60959600
1512774623619911684
49333638
17025435
3419326197
1543882393517449226
1243802201195069442
1442235631753519115
1496181409890848771
121624263
86011455
3515808628
1515844686153494535
1570130119674699777
386187821
1565649924095725568
1482676827910979597
1557761235021484032
1444159236125216774
800884878
1048988073093152768
6486602
1490231261813776385
1531358955468881921
1547591170695450626
1584883625123725312
1531126410278064128
872831249601228801
3222080050
978380346701111296
1131375976573820928
1577953455712477188
773376285234106368
1070539162242048005
2162853384
1413148513324593169
1566100553012232197
1200667997813313536
1540237578896654337
778410663077183489
1565582005886222338
998511411096535041
1516108996524089353
981971946970677253
2911650764
1569112524754239493
154068318
1527328058113691649
1282478218403033103
3423866174
1498659530263216133
1582202899592986624
165208738
1569594660703846400
278991914
376589964
2511497419
1582744701698035712
31175141
1030575293780688900
1576526729589493762
360168579
1493974739416616962
804246924966522880
1567789519881084929
1485725776238546946
48410217
1378411073762656261
1356934262725898246
14270473
1224008227383390208
78089505
1537953308085669893
3349074029
1525152166381506562
1057739875234054145
975049923803713536
1562688996157042688
797461458602827776
260848555
1118515874
92542435
1241295095783194624
295556390
508263342
1368094426891841540
1393062118661005316
1576602231125999616
1371614189706444801
1545656613981134848
1106098574
1013749305159573504
1248671956087570433
46748058
1418618563670118401
1555147039478259712
1464532744768311297
1303190521750249472
39585004
1563032146368876544
1412213583430094880
154311445
953152942449700864
1576631085257064448
209172704
1555449812903919617
832951935309328384
1490899260635631616
1536332865578758147
1004275948915740672
1569119228803928065
1264251172115886088
803855764465090560
1450494632727564290
20352577
1560121313368625152
1461059633326354432
1551086645977485312
825439616329199617
1547833704256458759
176748635
999267412888424448
956869275146506240
1568601054560006145
107618376
146806976
4824093730
1524480308745486336
1587504869019090945
1420409462800650242
1574467943601012737
1208984205885132800
1571215602794090498
1161450728482754560
1569344243692457984
374662880
1539717251141615616
1387909671965634562
1553361021473067010
1565966581368487938
1320847214470549504
1488500810661212163
1493144554383745024
1581026363171028995
875233629491744769
958164342586986496
1578173515311841281
346854774
1582263043257409536
295379089
1566128324564635650
1568964369245179904
85383218
450966811
991608141547823111
1566311160026218498
277768751
94782942
1567620694011150336
1569469935486922755
1548394657557622785
1167928241602093056
1522063107493081088
1549710221647527938
1305634359211438083
871648225085853696
1558946198874165250
1429131375379156996
1519473516105457665
1461322023402016778
1568255977014841354
1043367638
1568421488662925315
1364996638192906243
1553759652172533760
1567469721989120000
1568574555974688769
522718936
146139275
413251217
891756753867739136
1568968155497889792
268814948
1578116677358784519
22143145
837294366678994945
959137034978889731
15385791
991345830392147968
609187397
1533084523986317313
1150841876771221505
969330975690825729
1103392555679576065
1270077222397923334
1144602191287730177
28035217
15098921
1562269244514902017
1405124689769402369
1569744156381290498
1489279252197519364
881155096717008896
1418785554779426818
314604708
842472756008562688
1568931755628937216
19539861
2224401
1567585031538745351
123618486
1568583024224206851
1495968880690225155
1539645392232628224
1362802020051214341
1547139623775780865
1231904515504381953
1307940705755684865
1500172124413218819
1385330816931205128
1349393628066701317
1373268262746779649
1583510132457345024
1549461661605851141
1472674818084405250
35504350
17261651
81953287
1499857582307127297
1545542594855313410
151884735
28593003
1537480063368802304
1017529634408157184
75488049
42398820
1579951466491551766
843366005225283584
953537652200017920
1041775328622981121
1391281760068116482
1537365976542498820
80045921
1371508567291928578
448077516
1583487239308210176
1560744075443277824
787974748294696961
748740489948520448
569552787
958330392775479296
1015555105578536960
2691127848
1567947106740060163
1569892147046002690
35489151
1350852594361626624
1521828295427653632
20949590
24258602
1293532169709801474
1570109470189162496
274577579
1704032226
71498779
874946344124919808
1031860474143490049
1482505672365379584
19721565
1570359999779729408
1185719792688193536
1456759580306800640
796618122790846465
91736510
979290218594488321
2665815631
1559484961899552770
1562036946901286916
1564515097573220354
305251124
3515681656
2481617302
1521266785118728192
1330230938589138945
1419041965870624775
1040319461432147969
1422170464533716994
877475741662892032
1466702404204707844
953406489078636544
1297786789328039939
2373271222
887483084643475457
3131499626
2409068172
1356278220
99870171
986794263643086848
1269195335005433861
700799220
877552878210215937
1252912385901420544
150359495
24142650
29192127
1568966643409162241
3194358818
1383079739124961280
1493607087917748231
60889595
1571347436966236160
1502065884159823875
53102687
1507958308992589824
214306078
541940527
1567704828373250048
15621327
1569201476106616832
1568026258881085441
1462956129353224196
938353727890583554
47377948
1547199054764965891
967383045522317312
1540834658983739392
1044202422
1275369207685722117
19793686
15585025
1562858180559790080
890126283241402369
899103812631248896
834803779899949057
949280839581478913
2277152287
1585668083166978050
8071902
1276529645140180992
1357279008728240129
1529566851591819267
1508917847099154437
1569027318177300483
38654982
761443661108375552
75122893
1559072149150769153
715712313701982208
1513285386767851523
1565626174176235520
1559963469973266436
1434789524970770435
1227762913357770752
906256160411369472
1493946641677787143
1565261281959022592
173911135
1057577176306987008
951903886130012163
1430254615170322435
75217184
2190724014
1127630178644054018
2276642201
1464573341394690051
756354852188463104
741127597090820096
1569670331404812290
359680716
1347553089532932096
1566470862232236034
335409506
799826628
760056174
1396083700325101569
1575582722877276160
1595684678
1346073198308204550
2962947935
3816193332
1449713452914814978
1151297179
268777922
1945374056
1569663606136147968
2374068692
473596700
1565361361303097345
1565869779310747650
1553770075139751938
1003898407365300225
1578173816525627392
1042121486
927901059435069440
619411599
1568085080672768001
1569623616865828864
248764177
722783342643384321
1558269576743247873
3438022113
1442116081745756172
14266588
1559283770175684609
150459769
948675060096741376
240346148
183278672
1430103239039406088
1570150455182753794
1567029125713625094
77983988
1545031692641083392
1565828568663396352
1009610955322478593
1566687260740812801
1129421700137922561
743189649246433280
1557808464633667586
1548955973829758977
906068830178476032
1581286436732637185
39278748
1558062311205740546
950526427790823425
1231881775359700992
1436702972789104642
1579840105996591106
2992430210
1518976003426586625
1568254939062730752
1149425974720782336
1569683043425882116
1352648444322713601
24505199
2559861540
1548651269748924416
1084268413625737219
1583018461554708480
1568729454884671489
1545135022797164544
712016577567264769
1532641355104649216
1566079607329226752
175174532
887151362001305600
1044927212598759424
1223504442399412224
235103712
1466077616918704128
1579054835202232320
1569456195404189696
235182044
1569496451671277571
1550559264363921408
1498795529127534592
1510845081682591749
1564199380038856705
1449329232925138945
356918283
1520043563232509952
921489397
2455226200
1437477723392282625
2665739190
1315792673215713280
1566483021670252545
2306648568
1569369871590297606
2977267543
2802134899
1567445758114250752
2871017317
1586292566898741248
1365257863204077572
38448943
1575056088726380545
1565209902812803072
1549001957062451201
626481320
414090097
1313548332242010119
800414338515251201
1564722536876806145
38555990
230509624
3334500215
37942881
1097196519613177857
1568568616861278208
1118370022592851969
704950754348539904
763222047174430720
1484283340920442886
1573062936809160706
1411370548358168580
1568071367521898496
1574906727882964996
3300688731
1527605727862214656
976745794278707200
951170610092216320
1675881830
970896631
785355163
386568754
928683445735346177
358165108
1176506950550523904
1566570374627745793
1303550176129421312
1556562318116458497
1475031985814790149
9906802
1582339285847605248
1490686817011654658
2231581488
49397473
1564253154190823426
53672826
14291983
1570363775986933760
1227002851345362945
801518588658151424
1451007950923841540
2781782058
3408772048
1570147453566959619
14842778
1215604388988768256
1427549409643016222
91942071
1494854971191439363
1533878412955492352
1436379386727616548
794619537559814144
1234771951765180417
1382027080750141442
1455231582386671624
735106736332410880
4715078172
1387516703316201473
14451633
851928932169285632
1535757552977592320
1552735882586853376
1221109239797768193
1562945878843072513
1564765943733096448
954071631458160642
1554508387
841931752419532800
4223069233
917671104
14145135
1488358071839911936
813884430033047552
1568985962570743810
1582484346405093378
2943977085
726709023563747328
38423206
1568706162815541264
2740167862
1164913508351451136
1562782590410493954
1577163214906802177
822410354206588928
1102565176958574597
1553254400130486272
787668374042140672
1568152746402127873
1433473860888891392
1536803315404742660
3245495563
407924700
1579520738121351169
1569097710841495553
1485103679283904516
966782822
189823303
14537415
31635338
1567478540806852609
1534326537541009409
1459220424257015811
936410850964811776
1428849171851845635
1018172157396955136
539013878
1147086428225933312
777462371149156353
1526048494267793408
189161272
1122867883875299328
279197996
1540452101435834368
739202505532444673
23628769
17999795
1338183726556016640
1547258962663186433
182844002
292817138
1571812363925442564
1206203594124361729
1561046415018627073
221057287
1449538929758146563
835037447134162944
1568349302388363274
1570299030135271425
74719977
4307802132
1494078355053944838
955455131381714944
14796284
1365336079004499972
779822
1040957608109195264
1574790523008782340
264712057
1575192692996177922
735575560173293569
4314697217
1565034200482598912
950907815127904256
915747414866300928
148218717
32150997
48776932
2797958737
1141187535499956225
1087694976
890510035381493760
546155824
3195895709
1125450616908787712
1025413960546373633
1581252159496142848
22168349
1340353961170149377
1572361162116800512
17834252
1374139135703674885
1123868982786891777
98411751
1567820311353085954
1587453964374740996
636223896
1575129721607692296
1569433479309590528
1226585939021090817
449628418
2230277873
1540764822588993537
1489289049579868171
1586038814388232192
1546599197025206277
1226370351631937536
1511354239368712198
1520172471856599041
4657669566
1102918561339711489
107720961
1572019430984491011
942865864470261760
347929225
1563217523624984579
1569864549125210113
1559262703612559361
1580169227096530944
1572523795054747648
1249854026654588928
4506461204
1462558280408993796
1183434302425620482
1588008373592522752
1159776046683758592
9211292
922574859611312129
49282237
1584959107114668035
93843097
774798559405150208
747999921085775872
868065371906912259
7873562
1588991763708088321
296799789
142721061
835022139174633473
34364635
3033605137
1511465531378966535
52767262
1537804020672303104
4894734635
1367092642098642952
1489596203171868673
1203300989287055360
310663859
1138113912145088512
1032961922054934528
1375609015288336388
1562891103056961541
1566297140053233664
15392418
1564578313397538817
34244430
1414997161
1565937534936711168
1013107352017539072
1566329253368836096
1264469548067061761
27715968
1156922666953015297
877630786203250688
194521650
999086123946315777
14293875
965956152826781696
1184969125
546309910
1540783501502722049
1563835045567250432
1090628730484072448
794975754215976960
2575163150
702945438
375032879
1354736376021983232
1293249080047460354
1404380154433093632
52554906
875411404915970057
1432989938329346048
742629667467730945
165671889
709127232
1367824270336827393
1369616437548101635
2834962317
1167227604895588352
124953456
1570343161309822982
1388338338051067906
1344652925398896643
4915451
336133390
1567900263956025348
1578809942085173249
3224403345
1587793872385515520
1681136318
1032326342040322049
967665654173184006
1569286778678398976
1546183580497461248
1562513335941496834
1525534060239462401
1584651918135234565
1554290146664521728
1034295582850932737
1068457071954120706
1095303545027362816
1558738487771549697
1244031398207512577
488672763
1541203275525099525
373272085
1538545465364561920
500283999
1397408670858809346
1488245710092918786
393443676
168393498
1270244683260678144
1111288638464118784
1546701765273440256
1550891484278317056
1526915348452327426
1149570594121216000
968613380729618432
1552274130204073985
792524992768421888
796992450
248456950
501355133
15116129
1076804228600025088
168503417
1529228659831328770
375890949
1131956863
1528639291487813632
1359977247004909569
1280318423239720961
1567802753526960132
44695912
1565245565344137216
1566888234608603136
517568739
41663573
766191397
1355474018384666624
1870335780
1521063234576412672
1568017669785325572
1540034428180828160
913199297247760386
1575427399977762817
1389876718047875073
1566952169412206592
1572226041459908611
1566963611020525569
973880024360108032
760886844896587776
606957490
1570785263047041025
1584956547507036161
1275086403853000704
1565527865101324288
941488283405631488
1367077700062486531
454007715
1545246604525031426
1260020430762414081
14212737
1557056050326634499
825428399078400001
716355377600847872
1347145468640419844
253538495
1044524649105653760
1256057675156279299
45273371
2440606669
113577111
981887216644435969
1547592984446717955
762846272734662656
1295857923474825219
975452153602068482
1275075678711369729
1563614812340228102
1256692277956743168
1585102473697656833
1506014184739323907
1381478792393224193
1554527579616735232
781739362069413888
1553769668158144512
1168399854952996864
1502753331692949505
1092579028559646720
1558536010211942401
3221846586
1563634245326995500
543891824
1283938624803872769
625692875
888544258554122240
1085376246673010688
1545150159771820032
1109473382926446594
184997446
718127876
952975554151673856
3237290418
2214204061
8232052
1579033195109969921
1293265685653737476
1481920850274418689
1369197897380724737
517727484
1550386720637681664
1438425948144214016
1573289454219001856
1545668845121273856
1564215337465565185
1563504655262355456
1277572881031901185
1469489781142917121
923228274381197312
133638377
1129572277
1556911005631975424
240647132
1491365723913994240
1275016145003786244
6629912
1567384013375172608
1332027359118192642
940587081751060480
1521607593084559360
271410404
1481685433746702346
1576377846167179264
1535495671259840512
989126056467628032
1565337188920791046
887442185175658496
1493070051821305856
1348690184137674754
1496037503593328641
948996333825937413
2165303925
879258052884430853
540245923
89481310
17228048
843504998373834756
1515458812345520129
1579648152029700096
1366912799092445186
855507506600259584
419392568
1446004338418192387
1275661788286156800
68931427
1021806022426587138
1182919532391747585
20923736
556676931
1195760230170320896
837790288227758085
1445214587356254213
1518939808126615555
1463060609134575623
956093097691238400
1911411318
834236436987650051
121103638
1090239369120759808
2490300690
1342080688930004992
1438580444878893057
46864353
1558303460432695296
2450061686
1573079586396672000
2438361769
1350812221673189383
2912679671
2599963260
876894202482708482
1262704683312910353
1558992847973777408
965942997274697728
67084951
1472987219153637379
1568189530015940608
1554431629795491840
4237791143
1512135369743122435
1307569890916741124
1573225418311798784
986282603077689345
20222744
1582681168041893890
1586022580741447682
1196868244898041857
1534334639065939968
1213190041138106368
21047224
1581604804303855616
1083965725
1534967730046087168
918950480000233473
228388597
82693272
2893892488
892149080
1572302075723415552
957626966613676033
965534851020541952
167494509
1366641490881961985
1546382560267304960
920962245227671552
1561499941406740482
1310542364084064256
3351613835
296347327
1508930734790164480
1432324757937033216
153013831
965296807973675008
1458263700427530241
1567181589808832514
940704888224350208
1332487276471808000
3131243261
1241929283360010240
1966927663
1059827256955006976
1441054520906182671
749511318
960421324870115329
118475650
1566837961295106048
911322153869627394
2237618284
1017817407228870659
144776261
898191129463705600
1107010784117383170
3068021692
350200848
1623111458
37888216
1498047677048578053
85319582
742914956
274564837
1563312389051027456
1237009449581039618
961688459294502912
46105717
1342884740
1525209169451790337
21424048
1587266153373569024
1548513156091334656
1566988382223618051
1156201691777327104
1384913885128499205
1567096587934961670
902858573197258752
177146800
1449611500683939842
1522226531707154432
1118619854712578053
1509842015005323265
186786595
1557299635672211462
156622793
452175250
610016848
712219262971154432
1569661201986232325
1383964311844888578
1565360838038396930
711986827
55876525
3279736922
211886314
354267788
904092488746532864
1565386476887707649
1566451539853688837
34612076
1430097234515820549
49970213
804148464741400581
2976844774
36350905
3834974615
1414858225694900227
839428737015795712
1558100993002377222
615301240
1586813514915749895
1431377545484713985
962680296595513344
914947235582013440
22796665
239656283
1569312768720879616
33031912
1573720613444849665
1345292050707566592
1558215237295165440
987379195
1569556620321095683
2506828145
1350186126175334402
920933863
1534804702059442177
1396808821239017489
1486638124868542464
1491248458824503297
1436320380428431393
840256964684861441
1135329435069091841
1558436232362725376
1582867358917529600
1512615625608286208
1478066688662937600
2570394258
1502714819442618369
1567797387422203904
1511594007386025985
1106983803971665926
892309879926534145
3187359674
1411990363468931076
1538538845972705281
1563451338771808258
182130535
2280334273
741719850582609936
1233336574429081605
1557014611060219904
30952991
39755145
1569158817912348672
1535126543977984001
1408584816082128897
454189414
920391962720694272
2881783802
1567242019180773376
1438474914768424964
1571942580941643778
1455842232712548352
1534139328254857216
982105589948956672
245784511
1462897980986458115
1044931157907845120
721686930
2281004360
1567204640860643328
2378742140
1091363549157437442
1512344286666313731
1582410036869214208
1081848427
247402631
1567594960639201280
1517153208686157824
1539939837352247296
1115202020
1573276025298898944
1426531393459212302
1562024039610449920
127315705
614441215
999662821838385155
1583226707141705728
1366235097192570884
885976543679225856
1496862476591411204
1581038856522108929
1558182452283277320
495750405
899891414561021952
1493094367640408065
1499699774374617088
1515237372669038595
15497928
1458793996298248192
46149375
49408052
1545055442480427010
1525897339717787648
102641746
4715771668
521744731
1479846111389048837
1555985540218077187
837023580974100480
1536519181742768128
37006054
1565268797778546691
1506605879227035656
1583496679894011904
1515822166041890828
1568093099204935681
1563466670760333319
1563584692208558080
1578961366890708993
1513217770338627586
1580174993442631680
1505978687304474631
857150026702884864
1427966479983681537
1568851021161533440
1560648079506046977
1144093220701257729
1565502036543557632
1253599635102408705
1675951668
453471453
1366808963925245954
1547834925595865095
845734668330815493
1179811071089168390
1503300296079982592
836311085024182277
1565244767751086083
1449290498
1218118606124388352
1343333367480283137
3259815852
272865453
1411640120797765636
3111805269
1584960811172302852
1412672425838333952
1194136959221813248
340440727
1519047419832504322
1567892400718188546
1252228598158766080
1518772642882351104
976335486
1506018054550933509
230764137
970931359764987905
4876331452
242718002
252191085
1582944580147838976
859561043365855233
1565191339779637248
1564406885674954752
1531166528212570112
824154381318848513
1459330019738755072
1504157834824536067
289955516
871099207
808486321
116661436
67168303
896839924602650624
1577521993196478466
1485828014399266818
1403393366302265346
986153228764172288
930420724929650688
3889842913
1216861886311997442
1559932904104656899
18536650
49401602
544469550
1477547993687461889
1185729906920964097
254128660
923106223565758465
1326727945973501953
1515899661596639234
4257414792
1575123093361725440
149103331
1562245873223905282
976921439407362050
816877804658769920
520171969
2486019646
588716514
1135130313754062849
1630794974
1546416912661463041
86092432
1588480558673399808
1563861286659801090
17132402
138855804
19823490
793939584069599232
1576983592206569474
1215952692889055232
987474263920795649
1568847860141006850
1546164530
543606262
1305328852898664451
1558722234746814466
1433934694777827331
149934536
1551801608
952266726682456064
1398581818945835013
29061971
1532460563669958664
1570106137407811584
1566653798134812673
1552437961924509698
1552980810
1012487440609792002
1082431699563229184
92015443
1563001785995784195
1587844898463444992
1451180202
1339191958581911552
14331524
111054522
1299145360405721089
55837631
113360283
4115203467
1969069184
29130296
2742237552
1566645295869562880
1433739996326817796
427186427
553020771
2447103770
785799179532546048
1047209374974849024
354616460
2196269840
44916127
58293814
1384054949340872709
1120384431188062209
1229386404989427714
907769989410770944
950233709948518400
833401005727428610
2417874949
702514555058913280
45097533
109202629
1555848612
242104880
143923232
1529728185734410242
880568894553026561
1585022175592980493
3309110719
34982561
1566538716184825857
892976184472088576
2289734227
933822289283616768
2532127677
1544247419621085184
213451258
1122880652485906432
451573386
110596487
1559527261723918336
278879352
1240408318226698242
1014802003535564801
1176260660084297729
249712302
1485946886506885121
60471994
54100525
1566727972689793024
963079845751214080
1560394551549984772
1424752124806696960
1082970410889736192
1254094471391780865
1121821003179528192
284350596
935086111881342977
3408607299
1142418821174530048
737610534
1565702859798233089
1420210954042810369
1514538815624736773
17308130
892513146497187840
1248293119906516992
1565091126289252352
92357774
918508667229663233
1112992820237930496
797902986706034689
17626658
932407009411866624
1580543561958887436
1493242162531737600
132470873
805099512159084544
1251724435427438593
757954895714611200
1336252394934571009
218145659
1551730868426645505
1567393650413568000
865648053444681728
1551172753
911640569465602048
1579157868422512640
1573715866310639624
465484805
536469694
709731174889951236
923204706767212544
1498378735543857161
1568216864890982402
754556
1453293708254793735
1350784796499341312
1583001567716073472
845367059152293889
1572664625325391875
535768990
453581176
958077697502130177
1523750238946615296
1291520481024147460
1557277882975649792
1489271045823635456
1436323294840438786
35680533
17459892
1567461268201816066
841964200729681920
365871745
287928353
925897969
1527388817732341761
2239723974
1574029044928155654
1547186646893924357
1419666707854077952
1540636860304838657
1503319869843927042
1581552281165918208
1484173012593086473
3656802012
1402251066041720834
1394283188768239619
16996308
1570048908092637184
1177972539127148545
1548926171215269890
29883857
301279400
788089375754162176
1465569351457771529
3022228055
2369705259
1574286938151886848
1516095203425374210
938707572869054464
226994923
238452389
584951008
1056308264458219520
1553401172798722053
505856494
1357770478195204097
2930156653
1566936400213159936
1497190759723847682
1148170741
867730727349215232
103805042
2478834008
1271596741717102592
1586402685225517056
937869860947632128
947864138679664641
1305028419214815232
1437453148226994177
301586128
1568090726998867968
1533949946080243714
1277540378082791425
1890842214
807944873651347456
1524801343239618560
1521901804707270656
1466104006506434567
874998923303292929
18244332
1569177974821498881
34269850
211581095
117515447
979825663753555968
1267040077504557057
1547626697138536448
701859789844959232
899927141537677313
1322180853590421507
40296680
253481796
3298270545
1539588112187269122
1570409719927382017
1581351961953189892
1171329417458700289
1565423651297574916
1046827491447492608
1524067390396551168
2549044411
126792705
1324021811638640640
811408973844754432
84961007
511823801
911720040046710784
109155433
3240151098
271428712
1381468765
16529873
2438117395
1541588942297989120
1078821744184647680
1547670295531888640
45780911
976474388206940166
597621423
2823380298
1597653782
45987882
1183534759093231616
1141419480326836224
821252564
2163481474
2358489331
183548899
143116260
1540775022381244417
951542829104300032
1395315127872806919
1564506136547672066
23415728
243900487
1512513835978137601
1552916206499143680
901176327344078848
1554810576232218625
16244813
737892707524349953
1502834958158921728
916194085
373028597
907392281476517888
55169358
1393685115805396994
1569563144611328000
1514508934408814597
1559752214016512000
1916760998
1570683684566740992
1484535969588346883
1360640639046742018
35479166
1544954374266437633
1487410975
795355313377525761
1476149574301634561
880997929875415041
156376032
21961594
184933426
1411711032071016448
47412417
1851857544
946112067035070464
1096422697108684800
1603516243
494505709
1568016792483762178
15779948
978264153872740352
84932964
780550675839094784
1547987421563801600
618958335
1579009916869939201
871830136429084672
14886596
1282402085363781633
838709581484273664
2464696129
1467614540280078339
4758976447
1542019001869488128
1488093778112135171
963879136384106496
1587516397571252225
1125179860895305730
1350128731063402496
1566899690817339392
1505443742391492610
1027407567784308736
1538206550761799681
16707004
1282586900570808320
212114407
764133650891960320
313324434
1151761198905475072
1580496659980914688
1515047376611950603
1563560973918543872
3378800735
1476691608
1556948950808252419
1564506095976325120
742862514
1350406687446896644
1585092163204833280
1557718760437473282
698656639537299456
242314119
853962281360781312
2520090823
946003827802570753
1566825531479392258
825671652394549248
1333182158547120130
1366473759868256258
322537773
1142800930292658176
937718046575218689
1406181678368710662
1540661154862845955
1557837672076427266
1586311459713081344
501855793
4744135056
1360428677251620869
544024719
1116654972417073152
709812722175762432
1077242846263066625
1505536537668292608
811416708284116992
1553198168464031745
1545182562875805696
1565399362263474177
475681231
1523391455263399937
136229524
442449363
1515919185632960513
1502949876597936132
1403345596702855168
1406401164
2823005034
195690936
1445855071758168070
1569676864599498752
1361838567547314178
905729551048814594
1170223220353654784
1474069340991344661
67126684
1547496412912537600
1020937489127813121
314660194
511216243
9336672
1441126685412249609
1346385253057740800
384864588
322785075
1543283805263626240
1583870156777963523
549079630
1557015238251368448
1507676170456006660
3045261979
2976131239
17557471
902618613940670464
36494138
1558704127735386112
1055865197707939841
872105439080497152
20774752
376197393
4911483304
1581691340647108608
1583711943604551681
999901183639629825
1557288152355717122
139370771
1415611307533897739
902520368035840000
117797507
1527682295288590336
111707615
1245268751601131521
1548492188899627009
193027172
1212240502407303169
1159483928
1581957844584521729
1488983151170961417
1512040285169242121
1243941696
4423728193
1567214284425281538
950004022584446981
3951805761
1567933621910249472
1150850294164656128
1521786330954747906
1576588988604899333
33486430
1570730264145412098
1273224555176353794
3248989135
1469404202
96321523
52327702
1550048943673049088
1532702169283051521
1502923273784365057
993949741
18697326
1581677095586963456
3269168090
1578046850816348160
67903027
1577482657369309185
1568501226785935361
18544050
12325262
1539387545481580545
437497119
385898085
1361164674406838276
1408092027024072708
1561967888189243392
39795718
274163796
1285671000911368198
219804150
1569276438859362304
1564971281908436993
3056046796
867329769507102720
12983672
1564850800232374273
33561004
1569229744503418881
1032472647970504704
796599619639721985
1685996611
1569059878123225088
1490480066106699784
1570430209786011648
577656808
1524281072275517440
2412577190
1567028740085141504
1296311742159454208
1385563360134111235
794070482974863360
1578455538
1555303837828874241
959055241839824896
15495439
32338501
65558840
1557774250534133762
972146993752629248
1383126364094611456
417895915
1470953882498994176
21238007
239026301
1341313706320400384
726018731734749184
1566169835607887877
14258240
3226929936
1487307648974606337
1377347829547610118
1396701792151371780
1466830381
221362850
715964368098299904
29067841
890775466696736768
24028758
1361311427827441664
322636248
1566420705255866368
1561413992404627456
1553394017282424832
3238494273
201511628
270644448
1531459844250779650
1564449812384448512
453263047
1570284611233529856
1563832052763467777
1503856961699430403
10492902
1379149857420611584
1566228820482576386
988673484162195459
573541095
1039436459307134976
348923789
946433779
1566673556284604417
1567868452798615553
1566077282669797379
1407208452955516932
4667942474
2305554183
231553718
4776540766
1532814141949218816
506990418
1571834411267522560
1035170006038863872
1566010055635378176
922578910583427072
1582370437341892608
1566772355497885696
1379499719513178112
1568957366204235776
2524960249
1206611142413561858
2875035140
2405442102
769460755741704192
1204581421240610817
125758489
352352288
2200713238
1390674455085600768
1526618438373847040
1457062028632330241
1133145835238248448
4783453173
1285372289471717378
882008769571557376
1319231891527131137
1093266433
1515704360092712961
1113664455781412864
1568147227914166272
1558265851974860800
92415827
1569659801252286465
1567592760831791104
1563250155347775490
374531891
1501368182958927875
1272931138009550848
1266033898561179651
1475399644620464131
2991427954
1524757482136088576
784484317317783552
3051205552
1417433088
1489610532705665025
201313192
1083120335409610752
1564425268025929728
1548546064390684672
1576443149349691393
876119129102667777
972033175
1547177837089722368
4896023595
1473726945552707591
2650678579
806491006539534342
1335240020584669185
1421261552422895618
359352286
20028004
1565152038266327040
3872797894
1542997815084851200
1569975106948190208
1570175369097146369
15136563
479596628
959772788570673159
1568817590667198464
1436981955686404109
34380277
967076545452916736
1263201814364774400
1472958881789890568
4864157795
1569728590111195136
1588866005572489217
1579555125814824970
4125703157
1569693692470112258
71130335
70060575
69319218
1333000984520318977
22342880
1569624062066044928
1537599077851856896
1129590817121873920
36912018
1482766879
1310997507002888194
1450393550877696000
1581234056322494464
1532031359388098560
1140651020869152770
1575322479345963010
1287559995504996354
1550024057617526784
1540625362316582913
637171741
1041311973684604928
52196197
2990238635
1280909369618477056
4703759428
1112730825823608832
1177659222311485441
1362632666550534145
830896037204209664
1489296839375478791
792047298368929792
91410946
1557685600567709696
4510104274
1174788629270581253
1530490736999006208
1337068424841793544
400501337
1047491902034071554
1308471838020759553
1569316355446538247
860043214694137856
1565661420196331522
1460617700049395724
1549160952607772672
19368984
1466341017892757507
908011818651672576
1525788822465925121
1136212699178766337
1555370736117768192
194353045
1283618945656741888
735696564081950721
102320379
796512065460506625
926079444065828871
33857082
1494962281259565057
1582459478817271808
976499899675086849
1443502872805609473
1320659939455569920
1553381642865090561
2715992263
1564823415156051968
1569904853203173376
199576549
897654317775069184
1567992758245146624
227291757
118902373
21040001
105810697
920633815814627328
3131728834
269366202
158072123
1280529005565771781
1565394214036377600
1559924647575097349
1487027758723129348
3034026347
1552380144580444161
1488782613183700992
423383573
861184547765051393
95139797
1311826068437901313
38221392
1535034906421743641
27246665
1297532324180099073
1557014226140631040
1514234556089520130
109649198
1559125869448245248
1567307281469161472
19485870
1571836389452390404
1367678442939031553
1436363417409896451
1355604440
1399135110524334080
257261479
22652982
93767463
2979708136
1564508484372152322
883420414650851328
374940242
791387499079798786
1010255127356162048
1558200637250314246
1576184942354112513
1480189160128491522
1289006278526693376
1499930475741204480
75041446
1562710081040715776
1568626971214757890
1538876917679816705
1261339242367717383
333913343
1281140999075610625
17120169
1085946424951418880
1027013671
203274695
1229393077145460736
1557475258361339907
523389419
4807561703
2893008731
1013727265
1516087037182439429
1425144835850182659
622642159
310722833
83999369
301049607
66546864
1564204361965780993
24528253
875377029314744322
1575729636683972608
1421208225471475727
142583197
1547858304235253763
1565263522493149184
1036232434751348736
725176024556802048
104007051
1570960404951568389
1483203314863030274
1568985506238824448
1473193991646724097
1584412764168245248
410856109
4418419408
1144785858
556253413
1328395329688006657
380663283
1466577818985582592
157058219
1289230212253835265
1576232856036204544
3291638363
1587820605289779201
2327833555
1295537743079104512
1545842521246470144
1462871301719269383
4277177839
1103356130628116483
1516519714192822277
3009536516
914826359779848198
1037375761
66806014
1462389133033324548
21475058
13570102
2849565510
1429288216461398019
1174321601799585793
189734055
1563653444744884224
1578583971931332608
1529665030538645506
903712928137916416
1580225204718129156
1567479561889394688
1529903177641775104
28591374
1533354972263460864
1332807195105357825
1460472580222169092
80148728
1469243829211447296
1256857848144781312
1557941478223220738
1566088498544648192
1569403603701342209
304335854
1553386040475500544
3334646898
208995416
1568608696770478082
1318910816
1515774188027793414
3249226408
959830714748465153
1421021167603781634
1452348949885382657
899988643066114049
1445459726716661766
26534779
1546487605663076353
2915329234
1357040682121064448
741015710
3074467558
2879074133
1559226568215609344
449018083
963937884737740800
1479489825258549255
1552993818580078592
849661056653950978
1407550423112642562
746117593539321858
17051045
940243928258830336
1556834908605222912
1558730532543815680
87629909
1036603504436174848
1535030917504421895
56870663
1525029515088613376
1560976268979740673
1384943331973554179
1558642184521277441
4633401795
1565861089598132224
1342143008226086912
1570453736442703872
738137030
1560659928435630081
1534807986304077825
2678439470
1270246967839535104
1384743836769943556
42551451
1578434095666823171
1350471925357805569
1580271426044629004
259817573
1492114414673096706
1576520745173352448
1569239970703118336
1350055214934474754
1533118507701116929
1329849670009548800
1564418303161925632
1577550094437847041
796528128432762881
958928320644689921
558865266
21313053
1565665174811557888
1491123135059537940
1496878013014810629
1329717931912073216
16667829
2854218745
405871371
460418191
819264332802510861
952587299035938816
1139861834033487873
165115270
2169526095
1021588146650198016
55640070
899007305127165952
149216541
1582448889352884241
4873912232
105096659
1194862090990710784
252648250
1583766697416310786
1369175812684079104
1475798900795592704
1246096841856278529
2826305258
1518611617176563713
1561719111012405250
1531812059087634432
841901016320737281
1279461612
14582359
1568454878779043840
1558497285763383296
20080598
1570034451333234690
702635853756157952
2744400269
227158767
1548821632940183553
1549827048599724032
1548795425972690944
1542822857637502976
1558906711481671680
2347325456
1474870213007052806
1570180910297022464
866837649205727233
834061107593613312
49043558
1460677156862935040
124234265
798251338400415744
949135446285549568
1010487001156501504
2785578607
160318032
1172768603290185729
1105422204458676224
1002241836553940992
126410996
338452393
1398845025337987073
3135017878
3697732337
115563966
161664359
1686020359
1573946043883986944
1559177142537175045
1149380725562433536
1468503496815423491
44210364
3190700972
851834903289266178
1557236064640634883
1046962379907575808
1727356344
991607477320826880
1456712833358573575
43766160
1544285943020290048
1233210502588719105
1925927425
1567370378879672321
848644602403934208
224272332
1266105468570800129
3240659267
1292763207732326401
1095899999509057536
1557578772609744896
67259875
1534799113291800576
953471078030069765
1173615784855244800
1002601669685735426
1193670240430907392
1554470764203712512
1450900953369124873
83656341
1558085066575978504
1445150454187544577
2963376083
1445088774426284035
4928296990
771634088
1433738592124293120
901057153
1158105607024586753
1539056946849976320
1485517089653755905
1048528489224294405
35527300
331040187
1555968013651804163
1103641973385236483
1493901160293408769
37302841
726937233744252929
2841499948
1421174940708057091
1408352427674423297
3012721984
330280132
127135808
1501322057468022793
820612994178707456
1566828022120022016
1560636040150257664
172426488
877537575464054785
1129752361977692162
2951665771
795979167137415168
616935156
380479924
778678269985959937
809871827602472961
1538008949605429248
911504414673969152
1478855890556100612
188638861
267390486
415650267
389195390
1579262583919493124
600022626
140470891
1576438630893355009
1570604317824122882
4404175341
1543842932251209728
1460008510910091268
2640044035
858947599
32932331
872091243974668290
14788187
2564238963
347838529
36322231
1542115064089612288
1511972794233352200
1284731932794744834
1382673346127663104
22641358
973614368117018624
1569217318982402048
1226780727515078658
1566254320378851328
1508856235
1430223458521157634
3531866836
1569549013778853888
1568565858825375744
382191154
2801050750
71740391
1073547996963487744
1659481147
1569776550794387457
21110060
3204657724
1266888013
1587177834170273793
118374963
1496764258440265730
1483038485493735426
32724666
230457403
1577316784415600643
1582412759370764288
1553067971743870977
1479082987
991515798698160135
1899565861
1249771015577563143
1418150205258600448
884964818
260969546
973677597564526592
1585357290819178497
1570341619185885186
897739468471320576
996168790529327104
1126611279810949120
1566887990298923008
1260806000
24706456
913025277130792961
1346280557911670786
985821100931276806
17506774
1564332599325196288
2359247416
1384747065167814662
1580535382466347010
1580892307275976705
1460507110928572419
840209115855093762
775530524265906200
1452025168616886275
1536400481265889280
3610839496
1199166647455477760
87970367
2032321
29281178
1195134099976929280
1527381318127865863
750998640827723776
36804418
1214082315585871873
2900025064
3228297131
1540139877391548417
1526250288365113351
1577850470957211648
101019790
1423425751185903616
865153812641849344
1539215967665938432
1226027840627331072
164457890
1347860234983923712
1148888396200337409
1329447781644316674
1860271176
848175977570025472
852080472754724865
1514971774949199882
139353083
45293860
1240019086194741248
3524801596
709587665
963615678
1403305215781216261
923798988
1333664894
121871717
385927544
887880176549339136
14170708
941127493511151616
1408803764627116035
117780256
1296449638170591234
1570581727633985540
990972210969014272
1474901653358788608
1568255162665369600
1489546896
1424150829917872128
732922028
1529203221792702464
1506980092316360708
220795604
923143557245952007
999280143645495297
1564678349628260352
1487024393515585536
1218235176
617375783
430753550
2207491537
258542930
1586439080690188291
1566935254752866304
1410025026464763908
866662325096513536
112218976
1576080854144598018
1342731688422612993
994164284
1566291258439790592
712899110
1567194926193983488
91675751
1528543934749855749
3087969534
1567760950316367873
1055551903927599105
1458045918821982212
1463349382422482947
1462889191797182466
146474092
3244504141
127145148
1569709736014262272
1564855618057519105
2801482017
1346354386520293377
3340825923
1568225460290560002
1517219864326332417
1567938919060197377
1531800679383240715
1294060308399443968
210804234
223566407
2197355049
28013080
1588053942050508801
3148996821
1507445423459692544
992067049135525888
106707024
730037634198847488
916029266680311808
1557722493217128448
1294067196805574656
128764666
1566744459525689344
1582958243478851586
4534554253
584323902
1567384049395564549
2986360589
1359436512195190785
3238987655
1567575999428059137
1539357701851037696
789695142
52606212
467726883
1569718365203333121
1548720621466832896
197246671
463226581
1576604096215252992
868542134122622976
1857023143
1430566024223629314
937181431943479299
1363115295964028929
77456602
1543352990140071943
1293725251445170176
1482860839
87301883
1569138485562601474
3393937553
984931313873510401
1133857163284295680
2984282244
1585981764648173568
28022257
1567890090533462016
764771130074738688
1023938780473057280
1009050686280032257
1356796055237652480
1542189339098202114
18483911
1552818420059496449
1545711697771769858
908581392061214720
1179746044265029633
1439475230230073346
1512112223543570435
1282955718547496961
1064869878
1377180168133910531
4899154871
1473692396525432843
129835060
965302152800407553
1549456279361527809
1547658780
1280362098254462977
251170566
4205138421
44449659
1567431915220914177
1303778730817523712
907985375439855616
337736866
218997240
1118719728267091968
1053774189298139137
17769945
116643005
1576771373539663873
76172540
1588217160882475009
1287416808216002561
268986118
1260199445771292672
1243746325104975873
1499062907199447050
1324952754440212483
400972111
842398676714676228
1458885075643383817
1580639535989399564
2748612307
1198842699304128512
15745485
1425483842022821896
47053449
1034799033657839616
3324571649
4795747016
1581223241917538304
524100405
706842993483845632
1063216328243380224
1357079769259642887
1546349517808828416
2981652288
1568290071203442689
1333531458615603201
312818215
35252442
1229369610488643584
1520921810346274816
1332157495461117953
938691589303496704
4805745160
1239951613319667712
1316092218
890208610910822402
158054160
1543838255627771904
973101266648862720
3735801195
76553027
218570559
1342854409332666369
3309113574
4865878823
1045233168440315905
60550040
1278855910635368450
1539659815374491649
926666870555471874
813439410427592704
1302231057178255361
884529583340564482
3104114561
1392569129849217027
1458915218277695488
1585054220713082880
218924405
557203989
382244631
70943675
819419934321033216
324421563
1228802592337223685
1586712876013834241
1575612253
1102491156120850432
902536246915948544
37733406
3361492523
96330484
1167736962918301696
1234676376520642560
14355717
1240143615143354377
32457148
477705945
1568289068907401216
1565109860475277313
1201889203514036224
1506272909224198149
18652885
485030026
1457167868034838529
1564637450445770753
1414532031745200132
239107260
2789955041
1502625122691264514
808968386180890624
1182497134437793792
1576433128532475904
3105171201
995650424085463040
14541364
214548992
1537426546352279554
111127894
1578380360479555584
24232047
1554437256420925440
1569485204758364162
1443861485797531651
558889618
702135229163528192
1484936271709732865
349285243
2651131370
80265422
1358836567083655170
91276360
1489333614953304070
1434309804239982594
311337572
16456673
731954700816388096
1549961025742594051
1041440085537906688
1514237937105395716
953240851773362177
904226437925711872
20788472
1543694147328016392
1519763055055409156
1351239365268221953
781929941256564736
1511074851955609603
869417056197689344
166056545
1524160714495172609
1313176040
866801282
1091434038554955777
14308443
1568004534672269314
182405222
1554147408816541698
222693031
1090810652061356037
2492801226
16843624
1425151131370590211
1568917437449654273
1100168862669197313
844179774
188569959
863586383641935872
1463740036801777667
14192200
965719235707195392
1548689532677197825
54141947
3271214294
163531075
788855729067143168
1557805927230836738
1162061348878135297
64841048
2807467220
1541118745418014720
16918132
4558565914
1565327245421719552
1025614482721177600
112656084
1569941657021460485
300553294
1567244937942507530
172833879
1080470864842424321
3291823068
1550659204632936449
1485659442993844225
1558294275518971904
1097479430258216962
16821641
136335026
1017491666738077697
1371819665786343426
1521599718366744576
1443881052213186560
1328829100702773248
1543182754849980417
1554526018198818816
304975520
902434999
1562670784166133762
773809104414441473
1563232677771169794
1568809428018921472
886942048661536770
1562963346533453825
1516741397235216386
1146902678712156161
1201986221301489664
1480820831563440128
1573536912840994816
233248797
982304633451409409
2527334925
1442453650555633671
1559111700615335936
1400445772223586306
2576048715
1409186346955067392
1526850484480393223
1565635921265000449
118350671
1563166123197349891
1558412455772319744
717365472392572929
1566038469314486273
3172641378
991031033477959680
887258477281722369
1423016157448048641
1072881826530680832
1553539701499363328
915669781503717377
505808675
1547369617131053056
892361003673022464
3233499113
924296262911975425
41383397
955209432492888065
205551435
865593127008169984
1570242093209067521
1155135437633200131
1536939838842224642
1524641417284440064
928202093852315648
1508814053418074112
1089066998225604608
95791589
3720826993
940798189556379653
1498887387006763008
3434591986
68122523
1529442433670565889
1560645587397029888
1336551801508655105
903455918028800003
1558165084135890945
2172517176
334730513
1264594854291689478
1500119196792938496
1566841540860862465
911666545193095170
250336385
717560169245253636
1000106909418995712
44698946
1254202275385561088
1433395990283706373
1564388876923375616
4715125771
900108934895284224
1289862228632510466
1491794542135107585
1479314093899059203
2313394802
2235848575
1558650454090940419
1537204585844068358
1439458162688634880
390258808
501334440
1580141128942321664
1230191189346811904
20853992
1569766124631519232
1568703037530673154
274510007
1628904577
4676472073
1926906301
227881537
1553923996512653312
1326089282377850880
466402214
19290220
1526562933525954566
901689548
1377875895310983168
1585411944789549061
1560599023777501185
1327558833301053443
1564061162383310848
1228587583237652483
1176083780437569536
1511724314495975428
1540016875081433090
1189688903533383680
1405012819188277252
1581319344247783426
1567333931569250304
1574042048948097026
1338922303
1569189447820021762
1006764150020804609
24391147
956535714270691333
1548072228998115328
1370788095285673995
1562132302318256128
990487015635402752
947631615383101440
254757777
1567318187188035585
162373802
1177522360527839232
1431625068975689736
253129218
835795760100757509
987394857844072448
900204120673595393
1574079718319480832
420203100
129348370
1506139700
1409415069813858304
1497561174631759879
1355940666363301899
1485245298926628865
1293496134158016512
1567162941497122818
112657496
1547000790866444288
1572311794818875393
1547107507423924224
1377882416677707776
20138166
1326780331689652236
1563922666653884416
905326755610845184
908803711
41103262
1391045720598269956
1570386956
1495129921575952384
1567683200662618113
1502201830255824899
1450786871110418439
1569760797332742145
2417617573
37214553
1579603370020835329
2792207198
272117474
767396
2472190108
1495895042606735360
1565399596158767104
18359716
1536464791321059329
291484532
988785121988837376
756876049154211841
345946553
1567503269253025792
1465788406294794251
205336962
1382711822361444357
846070511620673536
1520699681692545024
1403703556792745990
2001981
1448294723110637569
1490410952042627072
1570073509375709189
1500697186593488902
785478102130364416
1557377049341628417
1285237784647737345
1282350913064185857
1495002747116167168
1567926278141153282
1457726220167122949
1514310729201065988
2922274301
1668213602
926526095880589313
1297594974968483840
33812686
1513168994253127685
1241994724573097985
1139490144443129856
1516626895512645637
1546119398427168768
1570158295205269505
1523575969482690560
433303346
15355316
1076880566400692224
777978083269808129
1579227415682883585
1582222906137796608
954614859382980608
1568342282474254336
474555993
14846312
838752168882671616
1530106297
192496048
3928307679
18384297
1487782529897803777
2922303589
1563600540533006336
1562823540151562240
573411192
1585137211317669888
4729561854
1566028520467206144
236372168
1577677059177988096
1565538508432969729
1116761627309879296
1568593489449095176
1399681711810646017
1159333968711307265
813682058199498752
1581839422202560512
1432931327502868481
796208556374511616
1557037837526212608
1545344960014213120
1436721739757592584
1559175042029830155
1562885354163646468
1514939535637073926
1373743991699599363
849291635024330752
713604422
1587526982350344192
587361339
200194986
246278238
845933807610028032
1583212883114090496
1569278790148280320
887297589342871553
1337504761
1435772138527490052
972463570276331520
1586010042003865603
1584518639599976449
1558614743136493569
1567517728902356995
1254431171150217222
1279474168958988288
1211630882928246784
1052784688220303360
1313392115347591169
959930489636143104
214097811
543710112
9822702
2938432413
1566398077459697665
1550392553287335936
1576172737156026371
101878351
1566101318141628417
2707846266
2879545280
57005492
2349772161
4457548274
1518643250898350081
211316225
20163762
1040931421022560256
285291946
1174416423298437120
1566014670925864960
569972825
9202882
1568173749962215426
257834925
1586113146514804736
341119324
1383059817154052099
968724009100693505
1423010748305793026
892692041666359296
1536275882804903936
348659640
1579505557794426880
51441098
1307639455897976832
27221772
311722159
1017500078817398784
1536671158182871040
252419263
568871074
68607525
1264471633298731008
1569701259975995393
1118063831928860672
1559341127412682752
133496824
1071674666
895524728315805696
1577042791833735175
1451728081
1347619283946393601
923183664787279874
1485268037901115392
1449566265933119495
815819884038852608
1286940667529240583
743605680041385984
1516431099370815489
1563474184176832512
1556988939327524864
1567138153844146184
1245584960204894215
169365152
1129422485261361153
1547502354836094976
1575475905199218689
1364507485046935557
1530851878204248065
338489470
1555697186180157442
908885843242291200
1558782699711635456
1562975768300630019
2177021702
1307811043645763586
759762325045927936
899604624310550528
1574787445526347778
1479446016474628102
1539172319469481984
283733971
3565599022
190852607
1576090519104618497
1153654201337155584
322586162
377265710
2966091796
1632774871
95074080
1561103312010756096
923784719929507840
284086114
1536200928604618752
733372905833140225
1246280356984053760
854060490896666624
1491150203566575618
1553432360938573824
1257630346608291840
1425764869106585600
1570034869123842050
1461821849160065031
1507966698812440576
1568732596569260036
2430523447
1350185814752337920
1565086715269849088
1100802393522855936
1546865413656657920
1713311426
1146833080243675136
1335818430344097793
710184772325216256
1547647572226891778
1548403279318511618
1558654567805435905
1160124665576206337
1733551351
108903412
1562555629251997696
1546894438034804738
1565809582257180677
1585414823457742849
1569421448481054727
2289517831
132476532
763246961088540672
1576589209988919298
1553168995167207431
1576477687601893376
1313320112481619970
1460322207628812293
952159198686703616
917515870943023104
937935184627937280
1570883259768180741
1221347478383054848
1541962165946556418
3193768475
1563976740229173249
889048171
23529944
1346850985415737345
912688056347627520
2331206577
17005043
1490809293867819008
1572088160967860225
1547656890263355395
2948672432
120687640
1566063656592633856
3269522348
1518643222473551872
1201296111060713472
798823364
900152939263664128
800362127840022528
1429426628413706249
80627972
1568696279882166272
1283543081934086150
889860289893715968
1320269251320696833
1440413154131931141
1546712760947556352
1545494616903909377
1567291716205686784
1428999638460387332
1566503517149204481
1322484617660813312
1033664200068005888
1566227317990604801
1555451911608090625
35538459
1340070701613502464
1494663082441945101
1567107150979153920
880417153534611456
1350941993644531714
302220354
963380808940634112
1318834372213153792
2150514103
1566105199759998979
870061550320713731
1369981059929100288
1207662124258004992
715144275273625600
729704556
2270694806
1557245751918575616
1528078323162685449
1568555515588014083
1422327527830286377
94121796
1192738217071665152
366017452
1426483295525560327
14928352
1545978582736011265
791267219489468416
1359795245400137728
1532673430486765570
1077282864
1568789077356433409
1563229101518831616
1545704484025745410
100300216
1444011427199471617
4080688214
1563418170576084992
1571517984400605186
788698896826503168
1117893891074732036
1583246770254987264
1512277952595214343
1506529570920734722
847037278883106817
25478050
212383581
537730475
770884333628452864
1492029260680339468
1568551164102197249
1556349850899341312
1582101442336260108
101129391
1333869970795720706
1546569083730157569
901735985096126464
89641700
1513660050581118982
1573147126963765249
1336918198235619330
1580697396174094336
1125808486133010432
1491038121223507968
19271005
1570097744403898370
1444080848253374465
612931307
1444548116171067394
1301593652922404864
1423662690099212295
1582850328063533070
1221814541949992961
1581037954335744006
16905666
1559798855490740224
1315659057706000384
7269382
1566333187587973121
1582715333777018881
1578899258421530630
1569537784423268360
1550440233598058497
1568008288511328261
1570310156872712193
430002462
722431856692449280
32665279
1502721047820439553
433223957
1567865400800550919
1550269044103983104
1566246752080261120
453731870
267021554
948166958318485504
2698660387
31006123
1562354156555632642
1448617621360943107
3404182274
190777222
1568884510812667905
1340134251539255296
1520181261377032192
1483621772235014145
265324810
912416581937913856
1263826182958612483
733879597314519040
789391978265841664
1566195809774964742
1262316205068730368
3101804883
1019924987501719553
1567438214973263873
1446536147228844037
1251552737520766988
930385561969463296
1557027521157386245
1561100989440073732
1542168134064525313
3160996839
822567453519728640
191438383
1265727220812660736
144959602
1470409798852046848
765890631524909056
3911843534
1520457972018827265
3091803147
1328862499987341313
12123572
935409466975162368
1479905013111611401
1566851776535736322
1388965193305182212
84281941
544632439
14467903
1328528701
983330940691791872
2418665351
460852578
991612626982535169
1485246942351343616
119423215
1265802088367288320
1480862691115868166
1565566450383093760
1243639586699587585
1217707300863008770
373845079
1568784569922646019
42187152
1234570762352254976
755888629
1586819811698528263
2826917291
79650868
1587308343349022720
1557377541706506240
1527676098061934593
1203672219479674880
186046697
33431328
1476312538082070529
977925919
710463517497942016
985881935393140736
1429103235093123086
1232385226074152961
1543990681898590208
774504692
1354745060882059264
1295699576150798339
69439346
1359061826353336324
705390028508241920
706452981844148224
915874845518385152
1571426114425290755
1550875936274452480
1457996457521434628
322022568
1321028331563876352
1323935943506731010
1537816774481256453
763489
812059674
1367891867883372545
2812467973
1565685604158955520
1579867449536782336
535206896
1567041445428891653
935191129267437569
1353180913480261632
1463884907050983428
1170166759015342080
1502538562373394434
38082511
1505550249666007040
852124668307931136
1452894364036960257
1575596753692536832
3259838826
1548364851981955072
180245817
706167822141911040
1559239926289661953
181041474
150482697
1397333727538159616
3054200452
2992677325
1037601573977739264
67874930
1548438034734915585
387631418
354324105
1467658086483697669
884131932421967872
824324405572476928
1557062936572547072
1575717123678437377
1566773591730962433
1440044389040984199
1566377983664865281
1483105054324555778
1205590840166404097
1542639998251433984
1580924727794745345
1536776438329786369
1033418560981229569
1278913668
121018058
1565112204138975234
336154977
1364959660177039366
1496078677410340868
1291910609747943424
1573620636336930819
1227828212530479112
2462629109
940628648419348481
3086983668
959142695037014016
931270536642080769
180782309
261544774
1574075007457964032
1456347792495058953
1543654362718797828
1567950531057819653
2724061044
1564461460922810368
1556227897450704896
1569730033044066304
3229529539
1507744663255531524
955660589820469248
1158596740171231235
942781604270956545
1031675507685969920
27749419
994866986
635935071
1441481886484746247
1563347260683223040
2240914706
967081636859990016
879404960085139456
1503698545504829441
1272419922950230016
1585357643329175562
1489215831640846342
1015212256483790848
547777665
1439462614157905922
21896677
337104974
165837570
926739077667348480
2871977999
1569441876041953281
1568214181480103938
228119630
1543253429895974912
956100324510515200
1562083264361385985
1548472936096362498
618746989
1567643625575821313
479189763
1568455516447293441
272181727
1566355391960662017
9940162
16450600
1394746741
2192294723
256746279
891532928198508544
1504276096799420421
1575958159612690432
433173433
1565606896945745920
1498321275080658953
459243362
1250730703
1583802333619798016
2746583757
1560705867707817984
1053692848334286849
1570354963947130880
1387724437122961408
466077852
1162768739223261185
1564593849682518016
1442420204923809801
26458967
1541844811778605056
1564917103773200385
1482877953004302341
1524122226672291840
1099189394622349312
1474549992236859395
2810452625
1251049067393638404
58343558
23771315
1570046054229327872
1567198737264508929
1519179715516395520
1490018916969721860
1449299775749300224
1442481096696893442
780903251801702400
29313952
1572490245345615890
1570080302801817608
1167882790504763392
771569989
27682806
1541860581090758657
1492929592486555650
2922672082
1563262593741258758
1264374571232309250
1040594184103702528
1473325945
1552443822294155266
1567961392841461763
1567253707053473795
204360130
1318775515193446400
1519033461327241217
876972718209384448
1567477267290275847
3239295861
1557942222229610498
1450691
1565882859973677056
1416864353131765762
1303731646810603522
1553385884807987200
2572735839
381624694
1569725860563025920
156879622
2736988902
1220480568003043328
245048044
912236500904841216
14507552
111248392
2154498132
1485754957877825536
1574241217252151296
924531024339533824
1535689427728707584
96452643
1339530992432898049
1507838819629993986
217310399
1314651773764853763
1518652572634079233
1009520663571427328
489416415
1562629077307076608
15769496
1033753820
1233592698751205377
1567085715254542336
743057700
1569801921615249411
1570574406425972736
107205442
35172227
1297631865843732480
1539964816537686017
922648591486787584
1569196893074489344
182914382
2391684896
1512475007171141640
1501041324039950337
1497581279805681664
275472407
1531456063706660864
1552457693482438656
1557307068155326464
19209278
438366063
1314485331945644033
1129511680742973441
1559201113357836292
1557269936313098241
2998421812
1351576671829291009
901646662627708928
1442159676544602119
82008527
1567841663917121536
1346095414223769601
3036690623
2491871514
323956364
11545
1566383327032008705
102488708
34719407
1289814698
1183345325026824192
1427227770791202820
60027064
1558001362146844673
1393254315536654338
1278541908671750144
1222230376631894016
1367900931598077956
1396452453118185474
14304167
548389194
1090182975646515200
41372931
1168826515858972672
1505116976414400515
1082004848
2320269715
1545461028145844225
1067326664776896513
1370647840846848001
907027728175693824
1538120887412596736
1546706450713661442
1374893124032466946
1335580564330479616
24430413
1508360028364828674
1393152659369177091
1569671758692884489
1496434313541435396
1540735280403034115
522383651
2926261021
1409516421286043649
1505124929355669509
1285313685506920451
1460044587091873793
66699693
1576306679691591684
1245234233876140032
1586657736296628227
1558240538452688897
1568193163344355331
911642199904931841
1327285021
246692622
1275714844151484417
1585359399027081216
4831765429
1538252690328801282
79982201
1485597309362749440
4268957663
1089013995506262016
877441709256445953
1374802855874473986
1567559455952470017
971393645499871232
1088747002211561472
928356711945162753
1385019977313374216
735110896968736768
779979123888418816
1481098348480577539
1018014615823716352
1484809148047196160
1499465475755028482
1566686054933237760
32839404
1569748166572126209
1475592282380419073
1967601206
615230632
127708877
358393258
145614270
1572222492730658819
183590527
1557699216864120832
1570875101112836096
1451430568202280961
18986948
1452593737
398854353
174202298
1156648483
1569873849126383618
78873087
92797319
1463528097781714945
1577132133558124544
100077592
56756563
826645757751083009
1380448002347728898
1347012296
1481896265675902977
1538729709223165952
960245207051784198
1348007274
951762840
916950398
50143654
1567748948303151104
1172124897365188608
983446243195129857
1581745311411838976
1568956286233968640
1537035318981009408
1564895729944231936
1574473923537911844
1366770141569028098
1164816425715822592
1567356543900782593
942451816603713537
390769271
85286129
1568955058053681152
1480460829246033920
713015737
180074128
2490825030
830128736691445760
25407108
2792026282
1260421802590826503
1259473567
1487853545114292224
1261381689185570817
1567587623748648964
1489593409421692928
1569391440312025089
1165263950
1570048105457885188
1403019786330726406
1587843020119949314
1538770826404810753
174911412
967687412251004928
108140196
3034402647
4287488722
958737950371667968
1579285388514017281
1268806202600783874
1220730368699052035
1565915104759119872
9122792
1576525494970990595
1261554092373086209
1569275773567270912
1517555302522146818
1927693051
775659322261008384
607847444
1558455988440670209
1566512862746578946
4736590404
1571496471287009282
1537406355836964865
989783879681806336
1498818415003197441
10782552
366587205
886766006642786304
1418244485738336262
960654694212358147
918809468153995264
2789734675
858131624
1588610462563934208
1482695543906516997
853865297610190848
323778081
552199839
386538440
143346343
1305613329105289225
1360310457144389632
1586297398644678657
1586230222491246593
42680910
1427497663755296775
1151861345039634433
1522015651669323776
1153355714598965248
1565663728099540992
116344668
916302872089976834
969882155668000768
1267880777737482243
1587861976977391618
1507606704145502214
1384923308349693954
1564926408283021312
4898306038
1509797391725121542
1566067667777343491
21447018
382328663
1548621181741371392
1745795761
1310920413170540546
1227979735239667712
1119701402
1514624169597669376
1586020114364878849
194094979
845080711082184705
3406014123
155177659
21913032
933703443390386176
1357347168370102277
1401938910213644299
36053958
1223302671345553408
1571441306211074048
1562237539452600322
849041023
4668347113
895281082664439808
109756220
752204426262306816
1310547609216380929
1583590425855774720
3172859374
187860511
96122488
20244980
1489974749937733638
87420347
55410824
150800311
1553415832218537989
2572799957
1181800086960869377
21185295
859503564
1580638087545327618
1563647260411527169
26034209
1558693576141414400
1573106453606535168
480771906
1456956573943615490
1541528826198491137
1532526367706857472
2490956515
375728570
14979836
3367664285
1566141115971026944
134788541
1445316292328755202
1572284884156313600
1588198953623126017
1218000465373229056
15733880
81043812
1565084559691190285
1507850436572819469
1569716097796165632
1580054183180476417
1547134820492394496
1566065489318649858
1160258743935877126
1585904832380293121
1472230008789909507
1406915574840496131
3138361
1584467296055185408
3032369841
1569970429598781441
1039638113994383362
1306067960419815424
941369433473380360
420987283
3279917266
3426770273
3323450493
1362827109920501761
1459829084318482434
2603436108
1570278311150096384
133708409
1463736200192315395
2887483944
1476162532608188418
54353031
1329756935449669635
1504707739443863553
303642405
1383231541627658245
555564058
1446141451096756229
1374509372445925376
520489011
530895731
1541965322
291143633
1545068317114634241
122896828
1223130008161439744
1388944794697834507
16669830
1502223032181350400
1585655033860788224
1332842814988820480
1456151868
569552198
841541
1587841634242244608
1241326149478674434
1570038088575123458
1133742818290221057
322098733
68502560
1582543331774500864
2682232230
381175240
1565417742756302849
1281868144584257536
1267835637861769216
1553168362934501376
161919748
1377005900263751680
1551267115029651459
1580868907644198919
592681325
211213112
132433274
1558803841113546753
1299695519762010118
1444549974008549377
1917708523
1563442135369920513
1514461590279630852
1557270409577463809
1447195476214927364
1538833535326650368
1280438129493565440
1019586554346528768
15862581
1127889559591645184
1073988235758456832
79146563
1496205676917444608
737333614518620161
1513130888988610564
1205708311829442561
1324116496507756544
2313055045
2529558133
2558837868
1270904240316338179
1580242771931283456
62633378
79143389
1002260322923794432
319306990
2665235574
351927492
3724398194
1480779127816785920
8547662
1565224648065024000
1399996436
997019395200290817
1051894145130881025
1512874521421877253
1553416663521009664
1071473921759731712
23415702
1568846911972544513
113588337
948786414115680257
1515026954801532939
1310920554531221505
1519367651893686276
960713462
1319244949750251522
27022403
3322673661
1538029152497852419
1165823451048771585
305798643
1571487266987450368
1567937456451817473
1213087030864822272
1390778054042083336
1572663157876826122
927584981710405632
1560027074236227584
18299322
1512541726845685765
1402846876794179587
233104406
17083161
1032663306614521856
459939912
18761692
169499702
8369572
704733225143443461
1551832918774906882
743320805740711937
75220666
289797301
3510957673
1557952033784823808
1129402029128990720
1062750817420304390
1144374629135335425
1448356457540464640
1512343283359387650
1425811612712067075
1170478570805661696
38210745
1564047481704534017
1403861754808049666
906610419502080003
22180807
1020149468
1437801318077411328
785059333818187777
1098150218170855425
869319956491579396
46868297
62852310
739476395592581120
1569275563415666688
1470084180201869312
1463058141730394118
2759556733
1567532641439870979
1375264809558630402
475302455
1407098227120353285
4277617239
1268702145718566913
1151129609334751233
1313645065282215936
1288708620436176902
354175547
421357807
2645324220
1611163182
749140498397487104
1473812496658087942
336161854
1542268415573901312
1538126364506718210
1559216094698958848
1588258817359417344
1519779721692782593
1565740742370545664
20341103
914312388685520897
125585424
1254161892345552898
574997971
1570805940047302657
1563734509316628482
180692373
1485568714963841025
1436000636320026625
2326505912
1371177593697759236
202140073
1552306153203281920
1099614647987171328
1580612976482127881
363403888
1582688819790372864
1224320011789008896
1569640121187864576
1032102930688737280
1368986762140295171
67050209
1008692136085278720
19745646
724572300515794944
1542180301111234562
3593352553
1583613019204079619
1557171898823614464
1271097783584464899
1559282015635382272
1052341270255939584
190318666
741317901005656066
341657592
1402374928033370112
1576245261621497856
1192161379240828935
1011130591075434496
1466815866578915337
1562736618720874499
3195013628
1329750561181331456
1001144140430827522
160340451
3166889348
1895234797
1557283931375935488
1507817651728687106
43992896
1584829676060655620
1547371748663824384
539807204
1278313636147204097
3092194948
1577945501810495490
390343986
1510984451047759877
102480425
1581233488803643394
2805810524
1506285423269761042
2728620722
1585693546954227729
1566589029667295234
1242938249850441728
1586917839415517186
1540016016440274944
2761757969
1350443033498681345
1490336682813661184
146294099
1270290556594212864
4665266928
969072500926590976
1564227725396680705
216798672
323744114
1565730087542165505
958425442725240832
910543419583340549
14602278
1335710054222336004
2864526178
624988243
79865343
41378604
872215610272358401
1088576173242753025
1562144324166586370
2904815602
887184183470247937
534567773
16548484
1262849195855302658
1526080311704137728
334882498
1149558016137551873
93049314
1017589961220997120
1498252785749483520
868084744763965443
1547436207763853320
287819240
903125030019534848
1557835900406595584
1497616762262601731
3011
1490613317177864194
1581602494396116993
1570333850571804675
1570137214402568193
1564365367731961858
174740877
2347877822
744358250804543488
213403826
1580339004095856640
1552190565370183680
1233697110639480832
1441255014098366476
1249314020072415232
16380480
1542092038102982657
2910390605
1267051963973279745
909611510
1458675571349729280
918221021773205504
1084067919322062849
1544315746045542402
1390702335169417217
313199565
1571114551214755848
3251645272
26191233
755444704200761345
1041000317117128704
2228878592
37414607
1459039082743488522
1562883634482122753
1426974313245204481
900068203459616768
938015048
1254167034
1547472439956865025
874637924515667969
1088446312725372929
1318109382
1551952393092448256
402210933
1081448621462020096
939953325566517248
1574274649164316672
456582970
158607078
1546172452018892800
1568893491937263616
1442333905944657920
1678119750
765465237856321536
966962494370668545
1386611811730948096
1558282611340021762
1542214571871842304
1252433666162057217
799987891455684609
3591514452
2446769485
1158051237872504832
1562755924070404096
1479821206651953158
1014098187689185280
1588655072526966784
1569899173243387906
1059199417155088384
1563591901550624771
1436979113500233730
905544503880187904
2855278519
1521148423931637761
3417155553
823382941170540544
1095844943568920576
1562626145639870464
599891048
1050436256205811712
735286142
999299839941926913
18218438
23078124
886574389419925504
1535401425869713408
1528663548494196737
1561308340197756928
3034666000
1536350712556359682
76175828
1425851681279860737
545671209
345369590
1455372227055022086
1547573573534961673
1458341341398769667
1293179506530725889
1443139490852315136
1566668759359684614
910233354666090496
257073153
1565760356361830404
1188005656160288768
998378731562504193
1109192515
1573058568210751491
1552802051683680256
426119276
146576651
1567441581782835205
1584405196549021700
1566498988106387463
1564261220336644096
958541531257942016
44465881
15102553
1495848127693209606
15427296
3123099895
1509182295055675393
1024187701845741568
1294422423790526466
1475201949611999234
1570377584591998977
1370130695104962564
710090733810651137
75920302
1587196026770825217
1134595579915493377
2778297497
1257388054278479872
1498937402622189568
894263165760024576
729982416161366016
1241420688222650368
537279513
223227238
39070498
54384777
1579399854220054528
1337198000729436163
1569341281616158720
925745997430513664
1511777645712875525
843012231801556992
1265276001396781062
1526411400360382464
1575007474159353856
1394247756705796096
510533091
1083331801609687041
1337527124606021632
1365651477675401218
1106679606730518529
25122470
916262608042287104
1546572235556667397
1855279332
1125592887469600769
1578882232244211712
3958521686
1553401605562814465
1309639159766749184
1369293169959956486
1565288326873096194
1670725170
946236963614420994
981084407082766337
1545256914422009856
1072497174292955136
1557436877728350208
1565142450858909696
282648195
2919918914
1568861223822704641
14231246
866184110
1496063537634029568
1569336258534715402
1427559423715667969
169645175
1580825818506444802
2768373892
1566360915381026816
2822439530
709695573176090624
2862398117
231673318
1491606407958999042
1581943117938319363
1526983089909649409
1534079817762881537
1258918931143602176
1585689529423650816
1107031657
818456773690527744
1564878423125794817
1091854257702268928
1537810718375952387
1425483903041777679
1369044112331137024
1541598995755180034
302182399
1265216757544951809
864781218197504000
1531746714465538049
1534125716740026369
705687980
1568841455330000896
95162706
32373730
12691112
1560223439738540032
1557099818505338880
1586522378758197249
1530073659775127553
1569870196189306880
1444137027222519812
529229078
524331380
1430216946637672449
14532281
1231924834000494592
1567959042730885120
1363472336800866307
318973781
3028883694
1566951167548170243
717849420
593451608
2324087977
1509338288876056576
795358849263894528
1568593754889535488
1422249983391195145
3300251784
1296967681313247232
119485389
1339138946958241794
857718682637799424
1039945193875759106
906062812551708672
1567074192096362499
1547640172388708352
219725596
1124929660243140608
980479766368342018
902473503374360577
1240297220697718786
1161939149542309889
1384552795089559554
826341258083737601
1568813320639229952
1384454769293529095
1006066664704634881
193090142
1516356390021103621
1450094180395585564
1587317083301466112
225830907
872726335
1136156936456593410
1566110353829892096
912815910804705280
911637891343949824
1566059229672312833
1570151756683943936
1563738602676269057
1566918807062548480
1564837071281586176
1547256814227570688
49939966
1376504110451687425
1204934651636277250
1568201974927204354
33765178
352633573
850475586413711360
1120637608772689921
977351511092146176
4860983848
1562096221791010817
2766073483
308822469
1478399255924592651
1577329202407538689
2310181205
59413868
1064900818481152000
8534362
143465642
72280227
17953214
4429311513
1024563401715052544
1166026061643038722
1518753690261282820
18295599
1584657412014759936
1466859027581718533
273753448
932161554036023296
1092120570840403969
416193517
1196530551651545089
23969473
2195179644
1545047578295009280
1531101947906109440
3436816763
21519475
580996391
1554468342270148609
1364011158282371075
1569884128430129152
19671725
1572454004667588610
1558252902858117120
1577933975464693760
9724522
1556083974
3506027009
1567740409547485187
1094641174780862464
1564128948727922688
479736098
95413179
2384919935
1543990279216041984
778508679909744641
1567771654255968258
1233806461572124673
36456135
2754394892
728075873132290049
1494104691667525633
1353799390373302272
27722610
1563634245326995457
82138695
1208119093439746048
19752630
1529849460456828928
1073503986605572096
235930176
915119508
1455914362741403652
801424803399864320
421759377
1415653170743848969
1307943422637084672
32623097
1576847716994383874
1577468392377913345
883578575932317697
24108232
2893514608
1185367681
935558260471554049
1223529235416879109
1558808716690227200
17895911
1431252403937062912
33775228
3062093551
570864300
1564503786982215680
1519348801831583745
1337599094
3148413073
1566459170924232704
1197504187795431424
1203683502706888704
1548671424361103360
1314120712773226496
929763734322475008
1548582751007383557
1205860833777115137
2823835697
1445334303928377345
3837382332
999707497786150912
67592301
328990309
1551589583783092229
618897323
1491850618633285632
1182267432683134976
1518954058966577152
164037051
916090749439094785
763390082
1027175051542622215
370268250
1558801819559927809
1581653083842658304
1567602101693423621
1553347486055636992
234851495
1568324875521081344
1293882122810167299
1483657224245288962
1237814528869462016
1082938715608174592
1405204759150166027
1033730204496158721
101796181
1567850997329920001
211654471
368970737
1364311841967464448
1037279113294348288
1557358717884157955
1549832878544003073
1243715761748742146
1540625567002787842
869109118753046528
1516940558601760768
1566128206381555721
1557600094102253568
1945411717
223671790
360554005
2281691287
1569880859167137792
1044578112
1506754301510754305
930364976
823612744914046976
347460645
1573984122275770368
74284631
17641457
1544963703782752256
790380620
1587432088202002435
1454861971518525441
1559087712304771073
1533915362541965312
1538217945108725760
2416607069
1306917176708751360
2793311734
1577299846025052161
1548375738285404160
154286864
1224971735587573760
5827
2572691649
1143861151068872705
835023639720308736
1568055848831950848
966759488513593344
1323632554117754881
1473170247523917825
1366045693098385410
980904763784081408
2956676985
1454080541943271439
1188821072726151169
901504695482556417
252785226
417801979
1486536206355550212
707833139918282752
4438206912
26211001
1517153051747880960
1562042830905810946
47905449
265862245
1505627076275146759
1245025803563405318
1050241095379111936
1507983895169363968
1172117199944704001
1335135777408372737
1568215343256186884
1537492204624789506
1213742254759661568
1036615497457000448
1566733297585192961
3407065894
1571530551504388097
866440349060747266
2790853782
73624511
1316126827035983872
44580390
437917353
2841103497
941588831287070720
1559277960796020736
1293721016720596994
1537327867289391104
551820756
2975123691
1545622863033630723
332151349
38218494
2337753489
1557394987226210304
1307717361110323202
1587197558858084352
898564270736244737
1566099536342286337
2765422422
1030538574947667968
4146723859
1548935361929297921
44740011
74696505
228649593
1512287097805316098
1578760513919623168
1533037588289822721
1549740856009162754
1150767830956163073
950039024810450949
848363996008693761
751054209345347585
1305627389444206597
1568703615136579585
3252208337
1567747296653357056
1580731904135155712
889989174773903361
1007844182143033344
1569813541913493507
1352836428418457600
198621192
1485250160041017344
130525844
1566262307352678400
1574182748780081152
1573165304242388992
117319197
1083753650521075714
1388029954609356801
1380643909685153793
3062229560
1567164647169720320
1270052618627416065
37366095
3311702196
1490346052746383360
430381361
1570000053070360576
971576715809083393
897679240673599488
1274017274
923493437000871936
1568985542154661889
3099479619
40559699
1451327448
834012583153778688
1519393581437530113
2343093859
40968777
1513631822332190724
86444509
546049296
1581688486155145216
1656159218
1450780339
154257500
1132291020190867456
1566023753812819972
10335072
874557472500891648
1257081013836152835
1170578164256362498
1429414549732593671
1094322674417815552
857740304
1190642892664135680
1568328750974074882
105341479
1524460285188268037
1221090065499054081
1520067665741680641
1567616095481110533
819639679683170304
1566910426335657984
1568475044795531264
1208385706718060549
1271296649810325504
103631693
1224526071284015104
246052443
169822983
1524056011170107393
101582811
1504055203720482820
1559806676651462657
1569776705258278914
1569419594334408704
257213301
3347208400
1230371612018348033
1398900819643322370
1576592864741662721
1578411097736069124
3105418254
19341361
1395107873999396865
868482554
1479406556860977156
895206529934254080
1160894429651243008
1557654854398382080
480690988
1555098110988357632
1560989613040308230
14106437
1559817436211421185
905628908
17463449
2231465784
1539448309168881664
635155060
12526272
241176039
81332610
4077418173
14988627
1512855199521640456
716701462332440576
896363428536864768
1519251588073803779
1567875477766901761
908708650738442245
1551794022993334273
251032612
613690644
1501754225004527621
1030090638723870720
798548292099571712
1566647113370333186
1580273147466510336
1488217237848829959
892500307221123072
449569260
1419217557962244097
3125897277
1038141752568246272
2398617013
712185095894011904
1553033427187908608
1340816862507098115
1331622468331646978
1569612293826297857
500401583
1520476464436723719
1565342332077363209
1346540665946198016
1586052796448739329
1566564408632934400
1093125802076655617
1541675048997900288
1254079883476680704
1464195859
1467858655617945611
1571572996388569090
1567501383049289731
365854188
952403701
262495825
4848942081
1571928689415184387
897009396852633600
1367102564655763456
1370360894224429060
1582848737323409443
1350169488596021248
65134061
1350663753805811714
1499730228767248385
48388661
4879064385
595990785
1586606955551940608
1438554922027347968
716850733400793090
17905508
193424928
1557679697244622848
559126697
4834156983
1247258417158172673
1562380441151188994
1528979092166819840
1389839521861181440
585713267
775449406849941504
1576663520892035077
1567733677
1171604842109755392
1574494497001684997
1374225684
4402167554
1542578013308698625
2295785870
1584358659273986050
1490558182355308544
1497802127468597251
705820603
2427361349
1585712322034679808
1041886124841598976
1580520468548829184
1416058262
1175125905829695488
1334920537135403009
1235363317
74094406
1132367837329272833
934851507643658240
7636532
714480767120838656
1566900239415607302
1373006664325079057
1369931961100345346
1550049838019907584
1348207155812339713
1318260512661098497
99989754
1574353111241613313
1390255584197451785
1194677156
1951841611
807310776583208961
2949348454
1571346854239145986
2262886855
1576265543975424001
3301667468
1559711862249426947
255635070
1453354093502554121
1114390912191299591
1445893133003231237
1448848739356061727
1159289095060959238
1197123214863929344
101647054
1577428487929008130
1266647524678471680
48599934
1566957580408193024
82510486
278440104
1569155422032134145
1110586896932057088
1037544951918276608
1556546124281946113
1367071755601387520
1450072121716117507
1567320681683230722
14245284
2907935550
1504325724999667712
1736492515
1566876857110302723
257375243
3164767448
1519752311073128448
1145695809444417537
1910230915
5727642
1384115136030330884
1446246697038925825
257424042
3334677605
1115925358832910336
1547164191232258048
1569203311412387840
1557041207745908738
1564315282855821312
1545743467
967959966798766080
60292227
1571632297463406593
1491043395703246849
20447163
1377726139502854149
1568852121553960960
767026479356141568
3180279024
53625936
1557245330579750912
1562702280100417537
1348890484123439105
328512527
2778187836
444444465
1559173062339297280
1344405307
1579029796310368258
1383595913231278088
1571160533235109897
1542669293820723200
1446593523319406594
73563424
570073503
1561867774250590214
1515227225997529090
968525330670587904
1366535073814740995
1575775747356078080
4210645871
1568263399947251714
1569057272592039936
1072229685906604034
1475324784690884608
464131518
92932363
1305534061373321217
604749081
1479168383438499845
137962264
31298952
1466112873290252295
1201116746326740999
1293969286462148610
1501536406824714247
21788593
1584917269150302208
1003663515117207553
882281276480385025
1546371843145306112
2782310810
1074917418462437377
2244466294
1341348826733367301
383616562
763444090226692096
1502277710634270722
845358346056187904
1012844439612473344
1401619442283552768
1520936317424906241
1256378626423033857
1448246329986019328
981793195825815552
230972216
732643765794578432
15956441
115408037
962456767589421056
1569320634479480832
126390903
339913436
807095565028917248
1010810106
933562386
1461763767801372681
1584847159827918849
1324211486596583425
1414869480279199746
1562419741813518338
832636743602028544
1210919246428925952
20164296
993802986152431616
1578367353162764288
3194808188
721887561786875905
371472670
1513844797
1570018421026193408
1583643369510932480
1553991633334841345
1012268964565536768
1298997084192997376
301025983
1553741168919433216
1562975804384235523
14305831
874243965079265281
1517383438957150208
1265281173523054598
23173499
941027519540625414
1557707763844689921
1569391292123168769
1556608769353830400
1503984063530606596
1584874658779783168
1568196865337823233
48610904
1526504309847998464
971343682766098432
1440234842499649545
14515624
1559219127872589824
1518744300158439428
709133084898279428
20882707
29944441
1438120185123254289
1581499116567379968
1487745896657952770
97712518
2323460208
1012754119713574912
2690830381
2402466829
46544121
1087548246
1164251705556340736
798003121
1580153453782900736
278883998
766166731182276608
1575638367613878272
1343334131556499456
1311887986758483970
58947495
1426893715793133570
1550758145022054401
1562177124756332546
3289000194
1494333475972739074
719219902301794304
4721372781
42944518
1567420002504155137
1159528004780994562
1565477149699702792
809865406462758914
437235609
1346650502390546432
4082613496
134835827
2927762660
1176954950
20190551
1547967025930125312
4332397632
1557896683064889344
326996787
474993062
1575836814371614720
1569998308558647296
1481568795667877891
912338868392873986
3763887143
911210777838624769
140020888
1383176384353345542
45931820
2421688681
1540985636881981452
14158574
920301139572281346
1506040654786400260
201980592
1529923515692072960
1562716798306643968
1506686108905746433
1443810621112430603
930972079226105856
3344624523
1520078361833488384
1141392950628196352
1570854808159981568
1347398815238610944
1558132542200373249
1569455027651223556
6720402
1071367960562790402
1516708016074428423
833297090855989250
1452684344175251459
1552599230153359361
914491498695135232
1510915792619163650
1471586614220632069
1501862279616344065
1453115869765242886
2294028521
1466385918881849346
1558165216763842560
302809519
915892048892329984
1943850415
1536911452153446400
1480588938905636864
1370312020977983489
1318252177593409543
1492525419932921858
1492253918381821952
248257409
1550767105368358912
1402839050
88163944
1413323384478339073
1569713856997642240
228080498
1562816384618246145
1559253769262612481
1478511631462187012
23647877
1360318280
1569099507463233537
462762409
47934951
572145475
1534654289402003457
229745534
1565338081216974851
1585197589686804481
1321503668173070337
1561491125927559169
1256986819528404992
2654290634
18043764
975458476200726529
993880979033985025
1578164983636152321
1288035649065324544
1084026536859176962
1527375835392782341
26275227
17160096
1201913228302925825
1569038704378789888
1297612574058569728
1496426042
440066123
749582088848941056
1540471066417569792
1195436292965879808
1244509254
1542330642733604864
1357996826171875329
1537881074377711618
98570228
1565885249569329153
128932995
1528676956513902593
1508546568433111052
797992409242025984
1086719415092158464
45585151
1569146252859777025
1140512552222224384
1505742489294102539
1476280473148080138
1548918760018526209
1586750171353858048
1400169104636530693
1506767022805463059
30624581
167977984
1566470165465808902
3482472195
1488532910093344776
1559946771631071234
117238667
1505767688207048708
899910175938588672
2500199022
1585205215481008129
1357945939441319937
948166595578179585
1294575604696784896
1500971565898416134
6200502
1566796555985854464
1560808852102254602
1569513827653517312
1475335333390663680
1220941609841254401
812105258138615809
127005679
113693335
1001124252978905088
1235835979216244736
1567675816363925505
1087504772779986947
1475454024392626181
1581715759088164864
1564966958193381377
32598593
1513675153120829440
22931107
21762641
2219775446
1541794533935140864
769616948522946560
1487016205164683277
1319519502250446848
17190972
844144245787279361
1561378505862123520
14193094
27047320
163291061
13425312
1565042500229910531
1565099827456786437
243266116
2485038589
1319108689735929856
1561029359594381312
31076702
1418352732235251715
1375301025989423108
98965779
1509786601198563328
792892964
1568236352667262976
1566440598034419712
1574189946969108480
36388601
1383681459827871745
14138967
1570019233974685696
12492842
1572048553375055872
1464279846
1522308243149762562
1580844599085604864
20053817
1586642525275783169
1104535028929888256
497972807
1488728666301349888
512802668
1577220543220269056
1035290394559430663
738752276836306944
1217804714164850688
955817874907697152
1297177961507041281
936650792605544448
1127009222
945747912109195264
1231954308415074304
1573631108243197954
1569731601806008320
1565121688051675137
3434276259
1854401
1318299082214039558
832657399630618624
1557005778057404420
1469282728944312328
4550662096
1217841037923815425
1196815423179673601
2979526245
1566056561440587778
205805138
1499131394282475524
1568609810194567169
2846974389
783746250596311040
1461621645940965377
1537908908940922885
1548127157116801024
1336694192471494660
107309643
1321048437580828674
3008860303
167702765
1416704145847820291
820646886474399745
32485775
1568565868040175616
1115595264
1572250210507624450
1567473004443045892
1581240726532276226
1552340063631073283
1537361957132857344
770716086237003776
3403936323
1371644864270536704
1568110140011991040
1498396361783488515
1543220936501084160
1558712619305177088
1375365610482241544
877477936642662401
70433169
1026693777941979136
23798611
397982015
960493689285103617
1507267483253850121
892791293608431616
758830408565821440
1568155659132178432
2452019810
880297910960660480
892214142672683008
1209920786695372802
1268665249437188097
83173526
1458164778065661960
798142775871021060
18732869
1537012925638008833
1496648673614516224
1419531143444156416
4014873383
4707449124
1563920070861938688
746282658775310336
1435508362733568004
1469076416692203520
1352341832454299650
1567196097021464576
1568491263053144066
426448637
1563470581533921280
8797942
1402281524586819592
1373792057198776323
1581053569242959872
141435784
921122588
1564034055481556992
1567411936689782785
1564166274170900481
1286213167648047106
1233354875423076352
1568869361464508417
1537535380244807682
321971194
1579120137088761856
569999260
794450997687021568
1573381908536229903
1572667855077867521
1492238769080176644
919570970888642560
825650172
131852899
16225538
1577327692889866240
1556709423019597828
342804457
1558523178275708930
3010770218
14314862
1285508284145950720
1240165565513293825
1452634224654159883
1115203835742396417
982738000923815937
256058277
1380663884709830660
1552755421819150336
1557457704423198729
134696454
1551961374259134465
866333496717037568
130109727
1193725519897825282
1110116139340713987
18648537
1112147556845248513
1435579231094849536
966813745157672960
97485494
1537555222402322433
1526865335940677632
1568555307890089984
951259655522668546
55530086
1574613142700580864
1217758937015095297
237401623
1499242279743098882
1530931338668191745
1531157014528802817
1261880232
1465458227638906882
2303422086
57717489
158661906
1455943514743664642
1348350211681251328
3004939712
1207741018293985280
90590619
1164692300825550850
829275157
1254122570586247171
1369199777712283648
1557188203618123776
1568280871207325696
19904067
1501575976521764865
1202936648146857985
27082297
2199746384
778032451679428609
2714236435
2456756360
1506268524255219740
1548189984728834049
594766074
1368943204104626184
4239413848
1484268504
950237030239227904
1067176774038052864
1443522899869003776
900265022
1130567248362344448
1465698974375952385
1566704133200982017
30209056
742326012
200847801
236806698
1583927111563239424
935978106191572992
1565103064255692800
1145584752
1532490954548121600
1148821970
1574737185156177921
1570445768791674880
1615674494
61821814
1366618039605551109
1586617403538014209
1570374618925465601
1576285108067528704
997404966934466560
74496316
3116972230
260172594
1586726091456401409
3836199688
888343534083944448
1508578544913367043
1567841042480635907
507786276
144754289
37956761
18174265
1196671592
2155401474
3390188472
1334671333842685955
1302622138424328193
53649633
1395767972057260037
1546418894323294208
1507825852171530240
1560162553308872705
1569677637328719874
816776426
144116499
1300617800130625540
1376838319359811588
991562725472985088
999940738539540480
1563270818506760192
961888313886961665
1442090705497649157
1357647855083806720
1545805328951951360
1493141776105762822
1547533066222145538
1270706008260669441
908564684113985537
712218720
751444770715688961
1440634776243765249
1497321835926634499
1525446987784810496
1557245951428988930
504508839
796228753466626048
1569463766953373696
1258767526919409664
945140118
1532229725082423296
1219403226
1569977695483707393
998846571327373312
816187322949517314
893142209158971393
1507812101452091398
294332199
1460729407199490054
203150202
1464926025742430211
1558111007045730310
15011097
1500862524480266249
1572344926846820354
2370563186
230545426
2612248429
333064002
1555593379399991298
1409193117027344384
1569059002918617089
1579738847860203520
1568951362288746498
1563685780970786817
1353447414624116736
990374813054193664
1569409835019517953
1209179003925479426
3312922031
174575173
282108727
2887639231
1565325149599137793
407602699
1357280229476233216
1503909089381781506
1159837398617874432
746690431577100289
1145867450774425600
1375017953465298944
1563442030696857601
1478758497781051393
818228661312778245
1156888388852572161
1571833307930689540
1581541848061022209
49130223
29593012
1580605994954100736
1567665249381191688
1568721258178641927
1567332384529588224
2463053575
514050789
1425465494904180741
562304091
2360314352
247350302
3380070543
1567695332582227968
71025650
1466717202720059397
903279329232134144
494176960
933335089898856448
1552827138788564992
1558761840913526784
1055507029765316610
105155075
1530271730790551553
14370523
1567942541810581504
1172320298177155072
1580198206256066560
1067803633104896002
1305484339560493056
2292503342
633979384
1504201771287293962
1576145993913040896
1403978428068601857
1269806698425876480
3267353066
1557433826439200768
1557050241140015111
900193691796611072
1573614120389279744
1559120205435047937
409784184
1568983421602664449
1545291678524882944
1570475368074838017
1574404202251558914
1558347993879040000
1535181278235922432
1204666083623329792
792005419
54428624
1571865574988304384
811077431641722880
195888569
1563206784701313026
1544959326296629248
54491254
1543816382940385280
772314583037911040
1513625337795596297
4872000017
1558740852658290688
1324270137365725184
1021112802428227586
1572816144951549954
2872529692
1528975498231037953
1538390510624247808
46708838
1564347944664449026
1471731679362437127
1239774178569523200
4871441849
1565651044352278528
1568294937678041088
271626586
1579517113601036288
1449749801382211589
1570150606471368704
1090662638
1549995956942188545
1053269144341241857
1137208494325506049
1108002697725120513
1474113505414594560
78293439
924531368012288000
615318593
859683797977231361
926666525184069637
1567539616819052545
256813497
1476238585229504519
863288926185902081
1564484084449026049
1572965769985548288
3394870633
4233841695
1567904165824970753
62780238
2961361
1577967536024567808
1250795877318311937
1544059385609162757
1577843243215101953
573347476
1560787351151919104
1564916385477758981
1563154806167838720
14627317
434146341
1254066248184446978
2334045865
1458708272739934218
923646115
968008274003005440
1330565509415362568
3002222549
438783832
951744459569446912
1426887948440584195
2828554530
64715703
426656477
1586843872360947713
100464225
1490160770445090816
1466950541825568768
108403955
29724302
42746588
60048489
1563702034578145280
1452794976933486599
1054316035984113664
1513813242371473413
880415902960730113
106687244
43659807
717760398779359233
748821764046594048
1549100245
1059839348638695434
14499048
2530323330
1722647012
1576014878732599297
1465743750001532929
453673916
1169493514926710789
1420797547086417926
1558819265658093575
1246557882855968771
3438248782
1566859340572925952
1141612246008659968
854749412542881792
1585363739661983747
1349763228029644800
1567510333509484544
944432327135936512
1511883752569548832
1458183324858470407
713118204453851138
1510655582382006272
1306255367962202113
1565616722069008389
1578702381038022657
59996487
1478491868715528197
705857394266542080
312708923
1512139480353976322
1137292022543519744
118216102
1583353675677851651
1566927876716433411
1568165026879635457
1567919260315406336
2888539930
1572926850602766337
768031024890675200
1513380741735931904
1259540895210393602
2885468650
894253900492136453
770263160804737024
1010277698239959041
3379679237
1555198470734110720
1567518616865611778
175167431
1277387779274670081
1566501953433370625
1562615782722670592
68257490
1576302651695833091
805971716006694912
4137911174
1550858237850710017
1522021639961030657
14526542
249722584
1572229796721049601
1384030275890388994
1565340653386866693
962579723795787776
1288216155057004545
13465862
15107201
4091554661
70293713
14447867
271585858
1582605873704325120
77635899
1364627824934490114
17790321
1519128368926670849
1537884885121003522
1648263127
1563869362045452290
1563505602370113540
1172167701000667138
1569996846
1433506855918182409
3101504532
1545868731833802752
2757504389
1267479022990168067
1567036384610865152
1539562548927791105
2479242312
987150424984768512
1545043874011176963
1368419696941305857
1401611501480431624
1538178363201835008
1224066641513918466
986508898738683904
1496494701955985411
63768624
256828134
1344736681149292544
1564330737091887104
1392783216633946115
1380484719670927361
958866846823804928
1566545969717874688
1186592288
2246007555
2922240254
34741273
1347866462489350144
1267334627208818688
3315212381
123912463
1569915186856992768
1364162472123326464
1564675622240423936
1243464399861448704
357488311
14623460
1552398528089030658
1260313295132798984
1583936426353229824
1573467651208249374
1412434821230448643
1530991968834179072
1395825627517829125
1571966841127587840
1517376905233764352
1054677899616256000
1534864530777440256
33895905
1580803407526273026
479842701
1580518924944302081
1568971116353409024
1513261895956013058
1021819073158627328
721752672831979520
73349504
1396867220966412288
1546047025321500672
881814594263687173
50470847
1222287343404703745
3305376467
237212201
727935174655283201
1448808549765758978
1567361273767100417
1288249058
738569146842025984
1228270028816093184
1331361288577048576
2198630025
820548429894057984
1523341327609565185
1410457871871987718
1557467972448526347
2714744421
1567172282623344643
1350243407935881223
563285047
44021902
1570650167082188802
1310896849822167042
1564732925131866113
1367875420671053825
469923100
2310810506
905779428218851329
1520393320765263875
898562908036124672
247424391
1493883388759281667
1480583777466335233
1577548703275143169
1573864853801865216
2880313097
1485290828369125382
73081029
134760866
1298992302732369921
1552345378359484417
1272205729
2213477286
1261956644981833729
2177119906
22064741
1569375153636929536
25699687
842736537251069953
1540097793905278976
1353559007450050561
1318987256036667392
1544975227561672704
1848879504
1560735060650647553
1042486045470683136
912608838083280896
241081108
1002111391984111616
1559960756317294592
1445714215679889420
1558162689720975362
2223495327
1585387356160491538
69111324
1481043921983524865
819572804760862724
24036140
1576153242081415168
1952495646
1566250029660393472
1169422446404915200
1595763997
1685825136
1465116515775266820
791376907908571140
1343750712958746625
23433087
1570277877408583681
1554451525472223234
575612397
1580911268071874562
3161597875
1565809020526481408
1568175533057343488
743278167759130624
913436486380404736
1365549965741879297
1569433460581752833
883878509168525312
3016074674
845915510
884450072242647040
712996083312500736
828534396240150528
1558098324204519424
1337050272347066376
1569903511344918530
1366493742551756804
982587630880808960
1573852329123594240
1539253454186717184
172167321
797575050
67186448
948413528788078593
1497006688033030149
39830854
1576813889559437312
40429464
1567208867511271424
358237288
36652064
45200355
1380409248048373763
1448693011165155335
25181581
1360892011419697153
1503914184899244035
919441715483893760
1244547171195580416
1248497985547145220
946169080188362752
878421947234873345
135553008
1587562492875706369
1458744575514710020
2762126686
60291862
1357302126335184902
322579040
3848225897
572581524
1534348114194202624
1566721008630898688
1507613548259721217
777430264075083776
3307695234
1280874035639877632
1453135836
1567171949587238914
1431539325582315523
1535681139264073728
1561159403868487681
747284113
1568854976465862656
1569684953256071170
3068690196
560234219
1257008296738914308
159337998
841011711264067585
140237362
175266525
20720522
1331261757789245444
1413614842104012801
1478136396003127299
1569925476420055040
1561480949082296320
90379747
471723099
203460816
40837900
1247161082067611651
1340925302789328896
1430133896599965698
1575483768416088064
1547907650918424580
1567083101339131905
1536227502
34884014
891163857904955392
777061715020247040
1569339972167077894
1349470010369056775
1565315431698677761
1233918139680919553
2788369351
99831430
1470051776636362755
281046761
2309592862
1252639596954832896
977478084
1435180330952978433
1565202538810449920
224996507
1531162267634614272
1347817362414739457
779284117699592192
1537570267475722240
883905349346091009
1568233504382517248
255308017
825777368014917632
409204934
1368528648412798976
1144515184163082240
866441318
297768459
1506644782831083520
867043638
1287400905445224449
1215377529470627840
1506990430973534208
1586613535714549761
1553362166174326785
1557298097251909632
1493850636244623360
1569162742686171136
917858887012843520
1503968076592689156
875057243766628352
3295868773
1181989692180291585
905731327697321984
1502328984226443270
14680554
283633564
1266400995594178560
1365034586447699969
946954957
1306937829268705283
844628905243951104
1309027172
2707709641
1712050710
1323556884
1497471068679852035
1565706110463508481
105289173
277029660
880246718658424832
1356602661676544000
1572004155291492353
1581117220637270016
3357883251
1538687085250367488
1559074594564227072
119826872
147717734
473458319
2841668117
1498619825274474497
1182132127
1569003137331089409
1257684944761098245
17240943
808120291998068736
999588622947975168
736598653
1496740580743086082
502249521
1181800772503138305
1568146917644996610
1017630739800776704
1211506516483657729
3230816350
1563545915713265664
1559956902141902848
19508443
1562574299730690050
881222104003350531
1427595345509244932
2875343553
1576171933959421954
84740761
357591185
4847473491
1580951878099140609
1569789807685177345
332220196
1559526094826504198
1561295757046595586
2344361733
1563985535324102661
269540996
968868286539714560
3437157195
1346951838873112583
1483875196834836480
1432797500193312771
1410221253265395720
1575655090311962625
2887470011
55621010
1587057817667657731
246651574
1237835719294377984
1563757270722551808
1144535321238880256
837296236776538112
1229496503632351232
265906490
1587808492789833730
3105036577
14372104
460141419
1151133315950268418
1559567716838785025
18007537
272665492
16733342
759152504278020096
1411101829
178272916
1392184768704385024
362666862
2763680542
1566979821275873281
61608747
1575975182166274048
1098198322614095873
1569164971417681922
1050323151090008065
1403004192558489606
4743768735
1520337626477514754
2271113696
144918916
1537466075532537856
1073070160662151168
1488054129633095680
2154682987
1571147352521723905
1172457203929931777
320489052
134548180
98337740
1566438691270434817
1574004880275955713
128679226
181229805
1027515188046639106
1516737610730852354
1520316512648970240
1568259290149822468
3908132961
1549456837845606401
1493527994408837122
1569492601417375746
1445899525
1559068381210284032
1262494377944858624
38291612
3113157083
1502542553475948546
1018645255955124224
1202059941705658369
1568184461421846528
1547868194979074048
1314217159829061635
1513204399719555079
1405574397612761090
1580734032748462087
1585370302493720577
1580082436146438147
1386051332549849091
1136946834
1558045793033916417
1565700765146030080
1360974644510150657
1154178725258203137
1264111905507102720
1916403043
1583677432409866240
1485186768727068672
836510570
1502323761864978438
874304025264439297
954778630692810753
29415471
300920593
1584494907317788673
1442814916046503937
48029066
186509566
780209884558139392
364796825
1295737868485160962
3366269649
272198144
757735552066125824
3164075507
922281994683285510
1276214215989252097
1520296113529569280
623734661
1570202689421676546
1321078461205626882
736185001457287169
15139628
758385993162625025
1521119804299804673
358059699
1543956824889638914
1312373750059405313
466921761
1539492847467909120
1539512227702747137
1538892439
87325024
834839900813946881
3433187174
1509545388012982281
1038709495
1566817344776970240
19205294
57594447
1032042926
197147352
277239808
1541766139558219783
14436820
1565815881384558594
1554365194796941312
1286787722129154053
1272427152651280384
1482345691813126152
3435192275
1085830969570066432
334097816
38087893
24930180
52765720
933673105452666880
1421680422694518788
1671022238
1584801341951524866
1134424056617418752
102700779
1052129710208094208
25956277
1566054808976367616
1126879570655768576
144894279
1375495658463969282
1090668520449458176
1562988467290017792
1531637487122014208
3882584668
262778568
303360229
1497883891683704834
1301731845596278785
1392189252897841152
1572351154251513856
1067505969553268736
1670034306
14779281
1566692864695975936
1575105410603925506
1588617204714676226
1436070643
1161694445898817549
633630861
1570706419586072579
824441130507010048
1569443525623775233
6296572
1470528575065501696
16118424
1511791513717678086
847480218050678785
450132008
989512619005562881
1079205703892389888
394419148
1558936576037572610
1583023631520653312
1586821809936146433
1194650702380818432
715078781031964672
25067217
1410057478314901504
1286566561604448256
856873167717052417
1453781949680525314
319146184
305449695
1562473814373838852
289747077
738728776490704896
1681720988
116494577
927510473011892224
1576790821785206785
1569534588359426049
1559162541116456961
120182215
898426281536049152
1474175963223134231
1569955253604290560
826168057798144004
1436603069974781955
1249812165315330048
199463468
203751860
379739061
806257164
1261599317548249088
899570514645192704
1275345880808210438
342575378
14083628
915233890700324864
1400599838924754947
1367952575320920064
3308743650
221370308
1489571239718834176
2776383442
3063612731
1549912930916892673
1568791406944059393
1482476801008242688
1471101447165001729
1241661725952311299
1397351034868142082
879483621056233472
3001839437
29813470
1562534897553932288
1265483160164290560
1121503944277028864
1432732787333754880
1543309888616599555
1497061687580495874
1370160119472922631
811280652884733952
1580139449786277888
1556220659713572864
1558786636523216897
1448764794111156234
1570276863100203009
1539588546901712897
802333782162296832
1183377943491465216
1541475086674313216
14896937
1575417528473554945
18042271
1478003396
1568578709153632258
1547643417013850116
4727341052
1550288124617469952
1569566991631142912
1562034473939746817
323690528
2516543427
1428416864510750723
1118432066
831958325893939200
839359647941173248
1553354793086754817
1875027068
1587008349110927361
1583087536825589762
236777690
996038866846011392
1134434970754097153
853668180
1387823675647397891
1359527263641903107
1490016086137311237
1541526446
1320831979114373128
1235005283367358466
1500644252476481536
225048854
1566912871472287751
1355932905185308672
2907932752
1425818147769110539
626193061
2868467754
3806196732
1566984424117669888
1020321751467687936
1566769356469567489
1587546717548707840
873828777675153409
1482837720066330624
948319291971162112
1473409412450639880
1558103098610319361
1551101972991852545
1578779858091577345
1471222195468881929
1295160554139594752
1372964855469211659
1568793535511502848
1396063735119220738
907660637895053314
1529282125446406145
1559970389995970562
1086689107726630913
1569436602845257729
1448069077210210304
1577254411692380162
1564103094639673344
2284769502
1435130329308696576
1569647558213128192
1565910073108471811
1566840777673969664
1547255322196189185
1568925222413209601
1567863039302533125
259259130
1038063264
1368664779611586560
3274745054
4170090014
1002014576
1367851178185404418
1002925718240555010
1318592054138753024
33397905
1566215018076577792
1517498382792769540
1563524547198205959
1402568838802284544
236317045
1566050541959950337
958903137846226944
1569080940697100288
3342395327
1501203455419035661
322921302
1505974471584358405
1539110190913662976
23259707
1476936276913885208
1098872580373602305
700752320418619393
2537449626
1009419655537020928
1568083548254633985
40484054
1567715055940284417
2328966374
12760582
1585543753300938753
1558417430380101632
790915911784009728
2317286738
881501140512153601
928724533175029766
1614653504
2237069436
2906345937
58560915
613810398
1568535028380090368
1538459036449968129
1469514658885341188
1465994091758563334
1424923947464790017
1486011632778354688
130220409
1543383975632277505
134518138
1448394272852615168
1583505376791625729
43083203
1572580608722800640
1253350471638679552
3814232717
2851812521
916595053832953857
126483076
13787102
745663310763270144
180256278
93894864
1487869841184862213
3266526451
1349028095236435968
1366506179741044738
391219846
1437655285422723072
2903480942
1552475364374593539
1580655413963493377
1565209388389871616
1569958848793821184
563020869
169050394
3379351595
1572446129328889856
855445685918978050
2795277902
1539952108207837185
1568283858092564482
1348261544191209472
1583761205550026753
37893950
1553905479075745792
21165566
4409348533
1526011763673677825
1400174702950289411
1571500098676293632
1500106082240376835
3433414353
1570257080631832576
822801866128052224
1568366930431725568
211451793
1576993378050662400
1905221
1367049689284046848
1578357406085545984
90280197
876824005101182976
873857717559021568
1575600006265917441
253207647
628559424
20821758
1567572946553561091
1499480763900874752
941681014962659328
519455583
1539194958946611201
91322793
1560230654239207425
1286167739208544256
1507567257488003073
1488507488940879874
3172209851
355729060
1538537132050026497
1565742808304340992
980568378275450881
1136683983293599744
814019160263032832
284985252
1477299428759322626
17708480
1563944970272251905
77854590
1568277862842617856
1583133103819816965
33445962
1270241989640941568
314063188
1586322905063096321
847032414761299969
758787997
1339436431152857088
1536107237717966852
321774180
1568267081061220353
1354389161218859008
1564611811852288020
16405924
1568305279783124996
1252036155757006856
15389856
1561322424586608640
1515694663818260491
475093416
2837176500
764820428
8622162
1579756075410231297
1191728844098736128
1583049908302626818
1562442016742854660
1513250018945560577
1584239203742801922
1567209834667470848
1064227512983666688
1576198000052908033
1280592292718555136
1507829830020124681
1230878294184058881
1959220322
939207805705310208
1438629769009143810
3352616409
1562322024735047680
1507111315411648521
1423285366249771025
1434683460984131585
102502607
278919242
1450643334888706048
1531714861843062784
380911625
81305054
963133755291467778
903712410065883136
1142280400833662977
1387352048148959233
3376537744
890118941229666304
1575205768504262668
1400162882474684422
3986728893
1041731170361376768
493414637
1585013211484528643
803176488342171648
804143673881440256
1498229709427163141
902838755257667585
1441817664184143886
560507396
798558444206882817
1310762437432479746
1488126726978813956
120497126
3072752283
1013870772
1472924402
1482596801211695107
802586239920697345
879138289
1020717142453379072
1561355567612203008
1166286587761692673
1021609107202039813
1489534987535892481
433451813
22590534
14125152
120181469
1566973767557201920
4025824937
291332154
871967357165604864
1262640828255633409
1577287431711236097
1549052499105136640
1317850489460051970
986316220554194950
814783734302015488
1570238487185559552
1565991952595660800
2584701
1484672336921985024
4644446602
825372553225060352
249186590
1580799326858534914
1550481420178624513
714515949932519424
3136318364
1559399620912226304
819990334801383424
3257301916
1482061405482373120
1576832440512876544
1561139111561498626
1388901004951818245
1559202316225503232
1264098971162681346
106608725
880955568889843713
1222523585593516032
1251619352216043521
1583394294685114374
715876896802791429
316676274
22743354
71193476
1498272016771727368
948204290216218624
1575416277149122563
1522776223272865792
395445344
1565804037567569920
918693991410831366
1558198120630075397
2849477994
1567427877066493953
1354335128143634434
4474643173
1969630836
213713107
1504532757174788096
1331646226463301632
1341388740
1503286699924807682
1221093897897680898
20442961
1565229729212497921
130060886
18247201
1515306294462275594
1384105979579551746
142670501
1463601305721532423
1575116159057174530
4858065226
2307711457
1568233975545569286
1564705141663895552
1569451016868827136
1565813362361237506
31107587
1079284180997963776
3300187923
1583456177467392001
1511027305090633734
17329117
1569458572693766146
1566835479403794432
1574157998582165505
1513722103891206144
1194923290835529728
3011735581
1200611065257742336
1539151896564359168
328848178
379302016
1363436494787145728
130575807
1475357831205249028
1530955038805438466
1076128956682780673
2235945208
1570090026867752963
1029004342794301443
838340119
1561414026290049025
1381083307207663620
1968284850
1107693673444188160
1557615335997468672
1550544644563664896
1410872896738656256
1527896065139126272
1555606895901097986
1565540015819657218
505289292
1614044228
1569227548952875009
1047750698895589376
4241525666
2231441519
729942543530516480
1566633574014525442
1504396553745707008
2216447858
1299731889570418688
1443560568405704706
1534167349913260032
1570869725239934976
1276459124277084160
768548225905074176
4420522876
1422429613716803586
1563899285032296451
706464372948742145
380129571
137289300
1558347449785372677
1073242756867346433
2162938044
380698951
317876583
3183594602
1557552308531220480
847423116183719936
1423020214686470151
153338502
1379830590
44357811
1482989189054734337
970724702082781184
1534859470043480064
54683212
1421196001994448896
1257239164434608129
417501157
1505640052818268161
172803470
155137404
786316821070618624
110997676
60198650
1432200952946192391
1542411328148611072
1566919169936965633
1481314375
3405424143
1565406424854925313
1512254920333971458
1558085314731773959
15550043
1462018371059208199
912717591503867906
1228089155143577601
1584390931238772737
1581702661899968512
149619298
1463694877443727361
1082563752145358848
1583485903921897473
709093066305568773
1024061604
1493395083537915905
75001659
773520452652236800
129169293
370310556
1178579693458481152
139776062
1567791467191742464
33303933
1502018446455980032
1566504621849432066
2166515178
1555083127516708864
2311748282
744646616158769152
1562309893956464641
35535575
1535317885161201664
21252484
1558396122015703040
1569729934276571137
788949429386522625
144013095
2434800870
1493243593800179715
111992134
1502748907293614088
1562570023327059969
1513840372589473798
1497268389961732103
1529818431704338432
1562501330224103431
1578391254
901508865229037568
1108115666312351744
1528137738507235338
1568674079607238656
1375861250786091013
1503008654743805955
14651725
247323500
1203527128299360256
1411678876804083715
137752346
343727418
1578458904593420289
122995990
59283283
54329939
1565519470600155136
51811922
446964140
1271453214660009996
1519005734385688576
1401895770987675661
1570005604378316807
2792438460
18240655
1557907977587531782
857930126520193025
1212201076423712775
218413918
1563284382403952640
3167227264
1505111364649504771
2959143236
1323090408730062849
862569221326327808
3362707941
1153640254689239041
1570763877209473024
1581447740579422208
4838464135
3090201870
1325557034
1570896391198707713
1523391869018857475
2517117878
830643531911946241
1569250360602271745
18647964
1252804614094614533
1202921835597312001
1297662710377787392
362787152
992897738810580992
1145651772830171136
50443838
39507569
45891824
3297589186
3494409328
1063767157165752320
1577652411375779842
43062498
1546304087007821824
1562375100368060416
1497619272172032003
888563204686794752
1587496248164208640
1006248655383420928
1272028575391117317
1498527118732537856
1554796293272264705
2342498372
1380613250
19191670
1535769825112633344
1562472593868763138
1307975950009737216
3231065583
1534104704459972608
769018192811393024
1548664655907782658
927437135287697409
1396681559214747653
2237707807
987716009170800640
15950881
1231976146994188288
1370724943974035459
1307552627446620160
1432111988281249795
1481467713990311938
3598472894
21345004
3354565791
389576034
792419333603459072
1421646456453308416
1468835259529588737
2431146680
17943492
138661690
106043285
160224201
1568167856109395969
238309054
1372452897523429381
842457988434669570
21670259
1746657144
221615389
22300065
947536120899813376
4769400089
1579935200561209356
766884352634544128
1476160130177769472
1557319664396824579
868363042542596097
1488624331378892804
1469096169032851457
762753709172482052
1501916351732109320
2538359552
564300834
18953942
1434916821950509063
1563446863722074113
939529660387471360
857219126
1368769106808369153
1566821090806177794
1527351005981003778
1486055422104592386
109884474
757543928371539968
1448211204929896449
1274447720
1500967801082818571
2295108482
1566431103086379009
3431524775
1430113714808655874
847559310653612033
18335621
1095712988785451008
1372237682731061248
1577155746793652224
931543659853570051
1558027793862201344
1528371732901658624
51030000
1570891937111998466
858725122445848576
1552567621123395585
1544703907670155267
2596836636
1405560119023345670
1571827451696660481
18142435
1378104612226482180
1558801966343639041
75673231
50993731
1141427490382110720
415179395
1583864145359044608
1551825941168803844
913641599904575488
517228279
1305488251290083334
1483132991140470786
23160007
328324674
18977852
70003288
1378898503817125891
2579167254
1529340699627249664
1273081684628393985
1126441752766963712
263949661
145958298
1580644518222856198
1584576595171360769
363762173
18510108
79235322
1568718940368502784
1262798871408902146
1465789687046578180
1584619807315578881
1159137986
313622235
3547341136
1296887018920779776
850948364
1049535458735284224
1435236089120296964
974838867579740160
28430264
1569305871699542021
3342659052
397302406
28071941
2553455685
1450147288995794948
1464929746106650634
1500511541770215439
142701087
1568824562514550785
581840778
984928854182715398
1580580960373972992
1584989701026578446
447412424
1526945255110721537
811066033364570113
1489525829906276357
1525332758989529088
1424786140914065411
1563478884397371392
1566742381306707968
1429879195635785745
1558172488449892353
1574709100474437637
1581032569449025536
451100607
296291954
1412186917379080193
1524741531638239233
1509053919665655810
1569197381983342592
1095400641986359296
1567728985508806659
26886547
1499201215
1418621360725712896
1514303275964715015
20990767
1225363584
715126788792446976
1189695266464706560
1663955509
1454017795088396299
1487774805323845633
1376938299978178563
1569682532609986562
256206578
217240183
1177891054080544769
1491389993692061699
28301204
1553440248532815877
1308216341527252992
1566420297259143169
1442479640451239936
1566753986769829889
145061969
1492194284925292549
1443816584653459457
1566566456417849344
786087044128833536
1568835356409085953
3081108579
799571676002295808
992412347963772928
1572429103470628865
852672197374169090
1568259223431290882
1157254763727245313
1061980670
1542907157959557122
1570331120939540480
924099289734885377
798789865739386880
1573578884360335361
276872218
1435940276367994881
25768882
1122901786841366528
1571614114291630088
925792556385996802
1068025470082404352
1082381666939781121
928626584038334464
1480221350518272006
223043354
1555604481525563393
4194065681
1087647473382785025
3308028922
1553345825262149634
702052152076664833
1586249695101345792
1483750989811585028
212648840
82251893
13066242
1402722002
1582672988389793795
1557748353961951232
1561063483986296833
1377649251686121473
825320110390812672
1578173679879479296
146883355
1207244506522738688
1570397426355412993
1558163822858338306
1580660622743982081
132907713
981786032151511040
1551171724573655041
15682385
2730324270
1553366427100487681
1562664074663432193
215837173
1349876564
240219007
1494354915656929280
1577309606551977990
1481361391458082823
247125890
1217534845020229633
1315307674372911109
27862269
2868519896
1538479916710502400
1558527377277595648
3408807429
497365438
1172947409263038465
1508903973515845632
415522016
300919670
1468533696706015235
798303945445797888
1085691702826815488
1568696709336768513
1585507883998846976
1570077461106528259
1564504243792498688
36477638
815229726927093761
1155427024145489925
593154465
789700513
1531305583881510912
1160905179518005248
1560630050734899201
1533062971995394048
2664057409
1441682388262612992
1569693251367743489
2286764766
9866582
1067989992687853568
1107644042865713152
1420496546739666945
28116708
1396774179781758983
1566138222274818049
1357027778453860352
1223797616112230400
1557805024239124482
4658907438
27903907
788975827480215552
137847017
1576305041518088193
19957505
1533858002679508992
69297945
1574282600520175616
1371777022179954689
1561004582867722240
26648441
119663889
1093163555887562757
3258456247
1580697322811543553
385120035
1462485130765873154
1581628262660407296
1562795962648604672
195816506
17239748
1511844990451867656
1565374246448144384
3066403986
1447905601
1580287629169500162
37080764
124721982
1357003792525348867
851895146820100097
1356316287232745472
1526311763549069314
541767544
33188960
1031183913371226112
249197573
1569787026534469632
1281633263933689856
1466092362103414784
1430811258173857794
3883973781
804733828803739648
15768906
1541745394249523201
1545406508187488256
1564697713660289032
64838035
1630583868
588578848
1122833494051258369
480362798
287453721
1127975801503109121
1568317600274292742
475158701
986245358
1295323618864435200
907617081696321536
3064003510
2430946897
4928376327
95176548
766339858231074817
65720679
751222227417329664
14357572
763119087211913216
1534647234469449731
2384434387
1562942075817316355
862238173
1286188078999248896
1546924772637933569
944565279329308672
1399986291203215360
1551242185554530304
1559133076575354880
1113525298585149440
444349657
13581882
1374275781057122309
2177877492
15115280
1346464627563978752
15140223
1563105867540865031
1053624132192161794
1560309409074536450
1295740471134892032
947064762994540544
1552030476851879936
14878781
1455853997227536386
2727952199
1471229089969278986
151280767
1394417648193130500
53486288
1568023118538571778
17394758
1564564153129263104
97464602
168626420
1575708771888033793
1580551448378675208
815090118
854648809367982081
1168119395953954817
1346837061609906176
1483465719493062656
1161700883861782528
16464374
213189117
30966886
1558451205759795201
5496672
2344714874
1256761233367281666
3081818122
981678678
923317775220736000
1449474002259529732
1539216116987437056
1050701505827868677
1568911084882468865
1571957933084184576
1206009586395811842
970071327712440320
1522658253678723074
83348804
1134084395571302400
1043786595277660161
1514693193622863956
4046424328
1163591306020622341
1569802320581623810
1538811720826621953
188603849
1427367585146933254
1276520770521481220
73426933
972015626
39568359
1243846257367568384
1572356414672093184
1485502093851074561
1376386127029018627
1546966218082586626
1513887704412561419
1022529937
2217247718
769581266
19061266
27038076
2225514793
1558861412293758976
1582647006870339585
308419468
32727039
1568559051126218752
1481822694786334720
1558385037510381574
846943828561055744
620121386
1532204247357456384
1534889452899803136
1507256756199641093
284618361
1471853589153083392
2864310734
1558552142335598593
934965304131801089
707510654270377984
926862324
1569538586118340610
919374540374925312
1445518635812851713
1569030185256898560
1528328575904006146
1155803046
1551809588823031808
938147253067370496
1553415744
1337646931225427970
16000572
1534246816258002944
930351289950547968
864578362332893184
745948959919771648
1572997378046574593
1542613087441805312
391492736
964531745893863425
1087018763336134658
1230722815671750656
226581685
273741276
161713449
1529543070534053889
2260957149
787283017588965376
753301479868493824
1565979168797597696
121823892
2730068116
1565337452708892672
1561721726022651906
34498616
740478436955803648
1548601546065055744
15649735
1372859386297778176
1175398867
1306938771007561728
1370130339264409602
1580177012786073600
165029727
4417528873
82221618
1534909843563327493
890488381305745408
399441060
1524357187094466560
267223636
1569500772970434561
1565903725046136834
100246768
1434935481280520193
1570899549526401027
1273177729609936896
1307737110229790720
161571573
1268551734202335236
1543556771544965121
326612319
1566512890131099648
262595159
1525746370769932288
181192532
48465246
1398216906621001728
52988400
1567999342954389504
1180823812675211264
1442354677807341572
1567413328011722753
1573584114128674817
128953638
1353807842013282305
1061698751897657344
1558101367356637186
1577161080706457600
281235442
1569778208920190976
1308473076426964992
1560899410653069318
1569020029332590598
1313670270842998786
999696311279673344
18229080
1565638658744389634
1229907023267082241
1524984847868956672
1575426594394497025
524767089
494560798
1105889795685867520
1568857642646511616
130344472
31147682
1570328183760900101
1569475580667756547
1570357198760415232
3349296233
884902551836950532
1574418889810780160
774555336304914432
1446438332255268867
974633463805612032
432882318
1334260077591715842
625030320
1528046626354372609
16736293
1566400730919043073
18393024
953250014482124801
2367041605
823602837569474560
1183755850810347521
1153325263100547072
268276215
2206157191
1548287915721052161
1247448128296497152
1463500414670688258
1580736590984495104
1574108633109090305
18987527
1557791021081272322
718659575
1518497411269861378
1441466685970649088
1490019711371063297
925652539151810562
1566012007006052353
1535778965259960323
1569543854705246210
1578332024804446211
9767702
556015819
1442095040080199680
1577898155756359681
961102323027206144
1588491519673221124
1172174720860598275
3383056993
1525839396519522304
826191617316909056
242495026
1315220674772791296
1579453571132805125
1515175738156199938
896687766766891014
1131734738052493312
913486497357209600
4729749942
1538623474494734337
1508107354717536256
1585411789705052160
484178387
140042365
3261582928
4834652459
844616922549252097
1501394631183204354
1109544277196054533
72641750
3315700783
1474066534616092678
1148620001240211459
2723911975
1503811619419308035
908469258
2522759432
58960913
558576239
498020069
14946838
366826057
1313851562805145601
1558980901417103362
1423613142622482439
1470456057004756993
1556679562137726976
1570006544032436231
1507751900598390792
50445446
1417553063015976961
120386570
1053632375446355968
246939630
499681176
3073290127
1568210655433441282
145964291
1337414873907486721
2368442454
153363283
1472450554324525056
917693576909385728
1580502506530021376
974235548691902464
1573633011953946624
1252587723996704768
1335668170724499456
1262042078466306049
1299475743169155072
630486053
1471365860086345728
1405148279369777163
986050180666548224
82461200
1418932567680720897
2904112697
1318208381543436290
365720162
2233389810
201003553
1565720312632713220
1498198383533731843
114157837
252514016
2958106172
1000201741495865344
1526397804914024449
1305359840127188992
74748488
855206396
17217269
1562416359136321537
1137455337366335496
1274027770914504707
1360180094870945793
1565416150984523778
926067749629153280
61967384
1552607402695856128
43266236
1470598816504029192
1081428328807104512
1276319381946056705
14995106
946355945453469696
19455580
138737516
1251136998385094659
872229433897353220
938440215483445248
1568712975527149568
16318100
2841962009
28756133
1586060666712231936
972173935122042880
819994707061248001
259788954
1345739118743932931
3257683117
1548298325622788097
1154790100691300352
1236903354682314752
1561451164725833728
903518474139570177
1166380663303393280
234043631
1543128749998473217
1566238985516503040
1368165767871598604
1358326341532278787
1587657837538430977
1537403000
3386566504
1406627600269774853
64900801
1353829970313949184
1558645879275368448
1534551839118860288
2767801680
17075755
1568473638965334016
3304827764
1093004334
1437493327973208065
1552542416678387712
1460937399295377409
387944414
1481655477251371016
1539140636296765445
1551546567844368384
1566898819903770625
1568305030964596736
1568042549717106688
1271800593376559106
1827731772
14926165
1567846052241227777
302182209
1522660505986420737
1579133234079830020
825486485948362752
2154798860
2667279573
957733543408537602
1473020679184281601
1559372258824552451
1317051434551054336
3245351748
1158412476456812544
4858418073
331789760
957326875814252544
1414563583078371328
3050848246
4197035116
1275314491584995329
2240711187
985989988335599616
718363377798615041
133176018
1267241960412069888
4739815037
1559936586065842177
962920129129517058
925941648529510400
733676023993270272
1559178293856948224
1577726971731218443
2777896687
764572279267287041
836336234607837184
109086061
1586854445786304514
87151593
286726350
1424598715
1505927578489602060
1569282572001153025
986231497609932801
931956800676560896
1260233007169892354
842170234417094656
1496512422802198529
1923198415
1577328438934904834
1045330163246993409
1367407874218065921
1321221988254269442
1568527077158027264
1574613741605355523
802765620676673536
1569697598877073408
1580961386426925057
1569261120493600770
1535131043543535617
1517162495244267521
1502273459891564548
1371872163129606145
1510958387890163720
1503704761190821890
1460738731
838505621091573761
207138267
1340659203367702530
1429021919072772098
1219728146301218818
755201950593880064
1685162634
28769114
1544280984727834624
74875426
424850864
1543295129590513665
168702863
6570242
1433669762429579264
459629487
90722926
526342434
1523310733119078400
1362505016200855558
3263099198
1412684314567970818
1499247552641699840
1584042325906714624
1527673947529039872
1568089311135907841
1048905517
1567208532625264643
1558157488381624320
999595725750243328
855597486496337920
1569729275854716929
1564184459074682880
1583406130587484161
1580912222800257025
2216247585
1281767876702154752
334357926
19596767
141304070
933775164755542016
1576858535488626688
1459088152161890307
1567620978217259009
1578323694765629440
1058476439127740416
39826831
3115353514
2490251682
1528886238316478467
1224752920291209217
362657940
1364273480032690176
322171186
124462164
1565788057919422465
100760711
1887723571
1051937965063135232
287092004
1394103723090079748
1573838184135495680
1424455026806755333
2527488668
1565013828391288839
912946165
1138111669
1523883103663828997
863130725100527621
1249482795954524161
52668944
1571203144368939010
1049429480475959296
1449722288580988929
1392854559215833088
249617489
31121702
53904366
1559887151759822850
1557118959702376448
1542891019120906240
1542950764066361347
3261013612
1558555247735357440
1573232486741553153
1350614108
1561016437354921984
2736397896
1238014951215845376
1532453210715308032
59598547
26225214
1548502436192456704
1571015783353917441
198412470
971221545073987584
845656381508214784
1486630908278951939
157208738
1280608525
897432449814343680
1027580568538685442
1563892677279715334
1094027516635947009
93285605
1439977589892915204
1552577713562497025
1540038013383856129
470747653
4299953489
1169689264868585473
1579044931863207937
4806332176
14935532
21824939
1318253616600436737
1570112182163247104
300384764
1026838222666649600
1455888409449410570
1552813079678763008
922492531295715328
20776546
1586626603815211011
969133440560852992
265025816
1567585431843110917
1186358861466390529
1469675828
881810941071044608
968438402491322370
1563548846575079425
2468749722
1515958384796880897
1579734643645063170
1140351584477556741
1029836475171594240
773246629688307714
112236715
1578635601712074752
1565016163754688513
1145486150079012864
920409792
1537682242473951232
2330850942
793716123556470788
1031542532277194758
746850884
220300556
1395217121131433989
773990000
1225162694598283264
831623853503717376
23218742
1100869726543196161
709992361930178560
774121823571054592
1169194517498646529
1468611107808223232
3127190177
215197086
2480335227
1324032989899247617
862493826514112513
813799951214006273
2311561
2962950953
2151485544
3971883682
1568037011377856514
867768372817035269
1567882461761392640
845216299089367040
133890958
968679499972988928
1476264866503606278
1222253949924913152
2498930274
1698625789
1440649000428834822
238298181
2974448740
1462441169816805391
1542507053574344711
3031805221
1470223119130398720
115146405
1565863982967169025
16376928
1483948630029398017
93984064
1459483282618261510
988138008351248384
998362562
1498216441455120385
1557980846539378688
1569972559868739585
1556869477144449030
1507750955999182849
371229408
4095255627
1396395488677490692
1396975678575190017
1343582377898082311
2547024844
1059967045
1238428200054603777
19399032
784337324515614720
2478832945
1061978292230729729
3121820341
1222564790943416320
119480392
1552335226893996034
1481897187869138946
2214689468
256463310
153881130
1512922403156152321
1587957377416003589
760457994
316131371
17041596
821391884673224705
1363368553773113344
1051673500216434688
714296821
1291976985351077890
1462012105469562882
1567050555809492999
200353468
1568596676415463424
2477166266
1350057296387309568
600705460
1067298656905191424
1570472901274652672
115176303
438215693
1535200456896458752
1541512492639191040
1564366198950731776
1483895486222372868
2801562260
1118443967258009602
1576910970886266881
1567368437554466817
1550176447335104512
740620548099575808
224943006
742470506557919233
1165738618704580608
828662630986428416
2866523639
43405070
940613867733946368
3072697331
1501430294632669187
1203623223625232384
1026772717515759616
725164625273184256
1576145159091355648
999429312423047169
1572041120812797953
3270948330
1549323351717335040
1576048035515273216
155599867
887785938994294784
1321841167793680384
1013953671619461120
1281794331867742210
1317136250265022472
973728987083104256
3339795425
1429141152016568321
1392744688298332160
3051052477
1674438019
1529969612607086597
2164668116
3767204292
16624237
1302434619598483458
1426966685953806337
2308902276
2163488727
923089309988683777
1493310522254839808
1495309014720077826
1154265388835733504
117791946
1558722147907883008
1169884440249585665
79420530
1568662146334048257
1480523097337905156
970342739073257472
2878855542
302033009
1479634657146810368
1270263143747383297
1558260462826819584
1565764449188909056
1391913394643640320
447839334
1559468003397619713
1557717022125195264
519144231
1577855940174516224
352289827
1390275390
3229345062
409391809
1552648116460871682
1566716306090594307
1215368562
1271134639512567809
1580708597994065922
1301163570160439303
1029175574500204544
4699893343
21722874
1587566743446179840
1588167143966887936
960987066858434560
185071900
1511277875390943235
986515174206124032
1101053766764158976
27530051
824565769883308032
16028320
912319781541482496
1055838107726159872
1549339511393398784
905031917250256896
1561194334866747392
1566493905788362752
775833151067136000
1501893057121333253
1577233255027326976
570343140
54525271
99422316
282465734
1412381507612676098
1566853686919315461
1570040153472700417
1236382521287421952
795710778485641217
1557665488372731905
1576641716857315328
27262540
1544470617725992962
1493165744485507076
1067399879591428098
18469418
1166436786052173827
1300063237287731200
1538509416349282304
1556621124271611904
1495157194437939214
1572545736482365443
621702797
112385706
1537760141352882177
1567914601223954437
1347519489676599297
923526815850860544
44590830
1243129022239903744
213990197
492923476
57894093
1524127056270741504
1569902592192397312
4526857156
855725303099817985
1534229183924256770
863134802014351360
1008851887
120499199
3696940452
107714976
709532477681827840
97574375
18857388
963044445993218048
1447894160107790337
1496811801815797766
1464353236618522632
1579489405630398466
1588785910144974848
1579174070175899651
365444623
1290658555478134784
1565037066987225090
229527949
2151031
268783824
701815604353724416
2827564741
903237951345315840
9422372
1553241223728713728
77295527
884068000558698496
3374076987
1588168493928747012
2370539684
1468434129784291329
243551137
1012747966652846081
286184153
1272189063123042304
876494440369717248
1557451101573505024
1193260901002072064
1248003263707799553
1499978984066797572
211168807
918450986112487424
1340295814787321856
2715177614
320833788
1400856740820885505
17861294
776826876
15914039
3966821
89064176
164765837
47660896
1205745500781268992
1337660090233442304
1561320492077826048
52600503
860697332828045312
29239454
797300556394070016
1568230696463880194
1461222571999858694
881646614745579520
2270746716
1564953806894407681
20832867
60651759
101897077
1481361845973774337
95932211
1387810808428515330
1486029774841696262
1545055309294555140
2898876568
431578120
1568851871053541376
1563473908799774722
1175680322526040066
1522070937360732160
896186395382775809
1565014271322374147
751920584
1251558025250381826
1425275913214861321
245318624
121360011
513884549
1566091454119694336
1568947656147304450
1271823464400207880
818935472416313344
1367471801610215425
575157136
1562220155752845313
1579222756687749120
1421423860558204928
2532280574
1477254138002120706
3102878670
539223613
2336638290
1395023173964361731
1269839222099279873
17628712
1445688763804381188
708779224211935232
42494728
1037829534345650176
1567484495737065472
177745641
1530541965472804866
1215739708766085120
1534881434086916096
1541485059366166533
192332947
1516080824147488772
1572676265416466436
1243086597026791425
381694831
1184080159583830016
920617764313878528
14306008
1362801830112157697
1587331032742735872
858189445652246529
1575117729555619841
1515141316266835969
1582466662606917632
1162711771955826688
1425727983357136900
916716551335759872
728051754110066689
1557909412899078147
855632788153937920
1547345710898610178
1219148925480796160
1548154499671265283
1577352917924864002
1708068812
1079126687101669378
1405572725586939908
1537792519592763393
900647759400714242
1577929069940953089
1352191235918848001
311750553
976089450051702784
1303777487219036164
1483479419893084160
894057794
1568661719580377088
1025370185644101633
83065198
1020945695983919104
872350922374082561
1195688318463201280
441003506
1417236577424707587
2318026814
1517126281
1308077175480909824
27208120
879911602551570434
3689615897
1572834170598047746
1568682613312819202
1548649085661585410
1022273716607221761
911906999545286657
1546879485877927936
1325069398101684224
1134829098159738880
1565298219302543360
1095583165995978753
1371174023351078912
1341399911468855300
1565766427155496960
1059475688112185344
1531626324325957639
981097021506576384
132269239
1543259345814708225
1554465943849472003
1574313958684721154
1168293692601438208
740866843771047937
1440316716106481673
1490923374356406272
1570431446162243590
1037020487241453569
1407076545991254016
28503894
1521544021742608387
1160232291957911554
931074226450202625
15525282
1579998508148457475
1573527746965164032
1571365408208482305
1553778575257518080
1204840805590093829
15635792
1330105124
1570247923967086593
380912007
64098887
1557374595694563328
1577547655999156224
1584161088534634497
198046170
1569298590463410176
309471876
1568589721147768834
1377949018974679049
1568315416270733315
4487788334
1522044128585945088
913163636314705921
1567936374447169536
734541640958902273
1562174581175070720
2637116904
1205483287109464064
1559839327521087488
741336399123603456
154460380
3104435801
480318705
1576802119855882240
1563568336101068802
1548530755344556033
2450311440
1567603802555006977
60049728
42439072
1571694885727772673
853908829976666112
750526765701795841
48985584
765978219627552768
1310545585750110211
398955552
1300931415106875392
2403924666
1507259495528939522
1573730355600797697
1214653061261647874
949884313046142979
1496367242107367426
1570422632608321536
1552914685049061376
1381156472206340096
463117855
1507686525060128769
1548800500354760704
1578665149627600896
1569232428119769088
1558652962792435712
900034156897476610
4557023476
20339917
1588321036122062850
1551700441318055936
1566863176314109954
1543373665802371072
1557075438396129281
1547137475746963457
1557356724344049665
226946523
273006073
2184926258
998920474364137472
947304262941294593
624312904
1468202970718384130
14084350
1578720421477851136
1567817347951370241
1564466761126346752
1340672236873805824
1569175173391159296
911983842013188096
1560157645968916481
1006537891810508801
1487653907123904513
1566716053354418177
545438844
1533207812888731648
3506231783
1580022603527364609
1322208232111280128
837921162768240641
1474654449549332484
2885960718
774373838998138880
1384400479690448900
34795579
1507087627157131270
1463748538039373827
1537538734572425222
1553762716564606978
554153644
1626378854
1569472008240664577
1575541103117451264
14602158
1561416639131828224
1445133819372134403
1561056130654158855
158496755
1323393371327602689
1563632241380659200
1469245129
1585704663315320838
1577007777234419713
1496500748292665347
227947490
1451701285720297482
1283397108050132993
228518281
39260353
1565773652917886976
1568056076817338369
610379511
1413991369912225792
702879752193974272
1384489135327510531
1158715632315244544
1370037697700585472
1502638250695204866
1566523593755877377
1569487979399217154
1051247895490387968
1568193200916992003
1465786476147449863
863768239293120512
1471007456251682819
806338382284656641
845267575
309702842
939794477505503233
883383242581299200
1532623703095201794
1359217007179218946
1537502833381191681
1573738396773748736
1558074612134674433
1567193935440666624
890644625089744896
1208832884481679361
1467947403479175172
24654692
994336451012608000
1478386627487617033
1480198414918819840
166998234
1568586070694174727
580312540
2479680396
97174854
2603183594
1660862130
1247570618624638977
863665354354024448
915252373878136834
872484392819503104
2232916381
66994371
1481924306351575041
1382680186676678657
4251469171
1585344993253883906
1039214597847306240
1271692434150432768
1257627820601176064
949803321988206593
908762443026907136
1571453355679154177
2303077416
1196870451114528769
1102561343956168706
1542960760988508160
390093486
47395667
1177536490764738560
919717782920429570
1484268619752263684
14420517
21649011
936505033058930688
1507854561641308169
789419575662276608
896610324123533312
1411430061312462856
513780352
1361172796714409994
1547168610157703168
772162422249517056
1567563290468880391
1569713424619438085
1536622807638999041
1572930028878315521
974328295
16126957
1420022001381543948
1520420861785743360
601369792
12843562
1313949065206349825
1561704295204003840
272150853
1581604999775125504
793872409002553344
1670125802
818271055068286976
286615746
881265610633695232
1565149006010859522
1521750245381603330
2294628423
40181483
1556608253928169472
3190147821
3297018186
236349876
1488123742920314882
1013693777821814785
191935984
816124238587371520
1559911811683651585
1469234719376162817
1524278737
1162233893606440961
1565137281807155200
3047925973
1497873080479363078
1362883570235277312
25140416
1531561982050111488
1511111153325326342
4870540745
250376992
1557956494309691392
1532575785319804928
781050499646840832
1552932730668814336
131531009
14998048
976472625810681856
1572745420035571715
1000136526536339456
1267498513
2473121364
1267828963117694977
142715560
1126988606491508736
1483390939951673345
1541734172426903555
1575822797431263232
928839827616870401
1249978376841879553
1075314680581840896
1578852962440564743
1573847171908132865
1529356457581453312
709661241694879744
2490069086
836375735929561088
1401494829973004293
1569750225996361728
910237683213066242
844596880474435584
490089881
1562162667451817985
877923871583723520
892840348107415552
1484272372505006094
1568663786600660994
1383746168748838919
1567029282911965185
257861007
1480934908084293637
1566710140149309442
1943048791
842249046051831808
1584572055747543041
1569404020074369026
1531195140588638209
1078424825784193025
855669434073174016
1073462765942132737
1584346237616418816
1272972754002669568
920312850643550208
1584607834779492352
489979056
1534536699161739264
1568582702718148611
522845041
1565422599810781186
1516259237445443588
1425537792386363395
1693025899
1222544710360879104
1259858141031870465
3504946393
804744579538939904
4080638420
742705368007102465
96924127
1548805024842715137
1419216229361930241
2524920100
3321711980
1512378572450762756
1568649858197716995
1540433132477898754
758223797015154689
857684110504062976
560344994
1556557047059169282
1364337242131562501
14892877
109531386
1486335634239553539
1558006339602989056
29344965
778741888023076865
1578059434265395202
1102026403
1290979169510318080
2693345232
1568121602923003905
38371266
1563531369782788100
1543384902485377025
962835077884497920
717589617726218240
1569884773623169024
1533869411769131008
108866006
912946800
1570055956343431169
1546270282062745600
1578491429516623874
2207062130
806676407606722560
326869253
361279048
1532112995618377729
10194682
976281754087538688
1009085708529754113
1370956294677438466
1155483370715078661
1550028916370587648
1561245432482713600
1234237747742879745
170707305
1666045386
1239510787217031169
29261247
1436225721748262916
1559142785512624130
1541626502629888001
1051496443926564869
1566607566662258690
1359152246303444993
71028060
1514417334609272832
1567514249097781250
831671112291360768
1089089886949265408
123103780
1348216618040455168
948154987145768960
1282359942570299393
1534235505281335296
1451132239333367819
1670698730
1557188853366136833
1332176233
1547458539865755648
1570907598127259651
1580299250528919562
2168921810
1367148236851580929
233100613
1474175711921553416
91494372
918799353103429633
1559885220249305088
52245541
1587498709641748490
1574523818948845584
2791686071
819641557536178176
145118635
1341239819767189504
597217484
1505706458150850564
1571618586614980608
1581706139699388417
1568764570793119744
1575533958401515520
1567112741588180993
1558557554279841792
1533426705859321856
29160985
1377631541518462984
1505361826585866247
784888599640616962
1539488077344919552
49413866
1185258954537852928
1351289739631095818
1578745801911803904
3231973001
2152839685
59213899
460550631
378028654
310436439
4127017463
1549829695142858752
360710133
1345737151892369408
234044890
355321783
1446159865328685059
1576564307315130369
1497218711706550312
1248187553846448129
74861729
1568273208780144640
1541149882177802241
1642081
15565825
1576357568397590528
263617932
100912800
1566856138552926208
262478363
1397598968268345351
1490728706566160385
1574881352624775175
54638194
1442766911104716803
338737933
1565153255965040640
948650411631628288
414536942
51555763
62470421
916604766905659392
1474645393
3049921847
1584300061097443333
3028950004
44095661
3067298094
359009458
1487395509451079686
985198137315921921
1584242623551782920
1584841256538341376
1327878405019348992
1465231752083955714
1268625633304772609
1142650093712973825
44157884
1579210614873985025
1030270795631800320
1559237214558892032
1481820809073250305
72454624
2647918049
1569993043662471175
183005271
1441400287336570880
1518604081513836544
363821598
1567217782537998337
1547847532004356096
492427292
154249812
1139718643598659585
1565631334638571520
2898467008
1572262654319665152
1568194276005396480
1192520939679997954
1553711997170089986
21327213
1346110266107424768
1505951250776748035
775266844584411136
383729195
1269815324599345154
1533165306411110402
88736233
1585490785465688066
533416792
761186317627715584
173572298
1524038278286090240
2824906574
2415928596
1420069791923150855
80941837
36148024
2280031498
1545313657
1586785851169808385
1484183740376969223
1580798688682602504
1100194101209649153
1201978437000474625
2194628086
1570482580855857154
1125101498206117888
75969403
1567821274633609216
927834527904526337
1949940950
1306761556265373696
1848853362
1581024882233573376
263301347
1044921344419409920
25947761
250604553
308386325
1502213428831682562
62148498
121467916
1276165022692052994
1487413929588498432
43390722
1566506211423420423
6577272
947800699
762745073511653376
1568852778675585025
1569721893984563202
1566601217798709248
1442840857007165446
235635524
1571186242347302914
1546960434703613954
2992225089
35203319
911648957717196800
990273120391974912
1243447627229941761
1145871226868342785
1547832843153223680
1575388627248504843
2456823181
1567257420648284161
1520989391405125632
712428611735662592
1558950681519837184
706471922901479424
260739291
3843794681
1547544720280281089
1565608655419871232
2908107542
843286746
1526447349106561024
1413001309
1257093837438279680
1065868957498916865
1256204010
1550847211759624196
1529195587358412803
1059583330868322305
148840391
3244875551
899113251912339457
1255863988249862148
1364125990205718536
14464195
1384581577540182018
889597471
1115235802601140224
26825070
2398550408
1502067126869585921
1356701945747144706
2739260591
3223687856
77098758
14191961
845525923533344768
1578460510613393417
1224949184303751168
1212751955518345216
1549857888688312320
1396086614376386565
1562810662711017472
1567117268869435395
748081916671307776
1478375159417421824
1264483455209017344
1241852882216943620
1487164239035113473
5954192
1568638932279250944
1567605852705624064
1174447005558554624
1588840832706158593
1568793866966540289
1589650956
902842558723702784
3437066831
4700446723
1562869819535372295
1367107630859227141
1106933286411087873
1282969408797843456
34847279
1546448307001729024
774706317839728640
1558022950913052672
21763573
627699665
1216614772428300289
1588701075431133184
89515139
577084804
27493479
1578284425808207872
1347202004867833861
1433910752423915526
90231122
708852662
1494602984365297665
1560656916849651721
58741295
1441464804879654918
2414077567
1358585263577067520
1287748171364433920
1252094163862073345
1355920036997824514
1455015973614850049
1534847653301088258
2750761477
4050873676
2193760803
1445407918292152326
1283463093801099264
1368528694516580352
1285945405272989696
926975404954603521
811236911293595648
984168241357451264
1442026313351524359
1559211545598492672
1411970309155086339
923068676559032320
1561679511011446784
2389070696
1508151121684144130
1351978591060451328
1536958612496695296
1498685228365328386
139013606
1567925585053380609
1483071110597992450
1499020969050087427
1445030052144500736
18316863
1509405892173008896
891953937200414720
2968450773
1548781092286636033
8971332
84699037
775404678452502529
814000944023216129
1498690587352051725
1561492034749452296
1026727860
1461364519167430660
2306146088
48836023
1188497073001373696
1059230581
1509572181746982925
66710152
1316330292727042055
1392033296876544000
1461635804900610052
1171285354353180674
1377326713
1538896349718093824
1427542010311946240
1559634755712344064
1575660772344012800
1533833187939364865
1489134619253374977
1583051642479542272
1562046246013247488
1469191385316163585
773891869
1293574535179046912
30938587
161656831
150864665
66613790
1581963311670665216
2820801417
901662227048095744
2836859779
91497988
1525154116644835335
959796214249205762
1341367601235173376
1568400580816637952
1268339456404226048
327277968
217393834
1291691573089116160
1233965820499329024
966228219786510336
940662675314536449
551984513
1558076331623055362
1095657621510602755
17106452
1042810503238754304
1434603152213487617
216228884
887969850219515904
1283025537263337472
319598440
186731249
2826981849
905478676829138944
1525945989705637890
1512335778826756096
1343964779958972416
1075418316
316890146
69073975
3345938638
934765480040071169
1059799611077021696
1867087471
2302687514
903148693276078084
150211972
205785612
987312890737815552
1266231836167991296
1554862930952429571
1568079618762211328
1547963130008834050
1571737843927506944
1416417253822656519
1560906296190271488
1335617678568955906
1567647568485666818
1091330419436539904
1569599955614179328
24132002
1528149731012235264
1564766175409721345
840285730408677376
141264927
1570058830385479682
1466229029808349186
3385989550
1274524484217778179
1541877812453224449
1405469770581831682
748323607953059840
14252218
76631804
1571824528409378817
1493724742477664257
1219192791118622720
1564967426499960834
1288852878342357000
1368498877687500800
135751315
1157728516860985345
1303382836775395331
1670803530
1078609301554499584
1398812073979699206
979579964818370561
2669514540
86858868
769471660651151361
1566556609903759360
1106475637404024832
1473857733510447106
3828724396
4418607623
2873620989
947927618
1562446482833575936
370984212
927736288651960320
1554415212517855233
1437395616452259841
721829633772101632
2401868398
1566761225379266561
836684801507799046
1546480214317858817
1503786007686049795
1567951560012972033
292328101
1401846238371323908
900766997218291713
1255118048937336832
1568963902762786817
899585919203889153
992071623233757184
1220102361277964289
1457070197374951427
1258842466440151044
1567871736787632128
1492017751040348160
1566140073363775488
127812978
627404065
64703161
1548406072230027264
211608220
3295279250
17509178
1562610542
1505331284637323274
1518681278127738880
1577818421277954048
1332115862963298305
1555669407589859333
1086072876208316416
40256438
1412410503016718336
494994944
907341571795947521
1579963544061313024
1445105225455607814
34850953
115419474
1547119349118504961
58088606
1558528113834954752
129840356
1293547168335183873
706782031812829184
2723241253
1490098227881803776
1387648769655595008
700604100308676608
1568051345910890496
1506067532758847492
1562870128353898496
1476243054176522242
1557759948028891136
1076186644405866496
1486279997778276357
1576100711074521088
3542231055
1566959774343876612
1448307574617559044
1566805330834628608
3948421845
1559609936216211456
1565320753255370752
1564222391114514434
53082813
1020977149493358592
1238631105168846848
1359520630538911747
1567770553234358272
234314012
179218425
1343809783669788672
983668716532482049
1935250428
469006702
315912654
958083680064425984
1130562898311483392
621711815
933756211912151040
1569483407863992323
53027531
1013431277150666753
1563370374695227392
998919768131407872
1568606614730555393
1557176697258229769
1515173241098477569
356011394
1565725415557193731
1569500292382867456
1564585144618450947
1461123811147931660
957538113940795394
252967364
2900740353
1581931017534840836
1357089314203570176
1120217152693395456
1204200264741408769
13933632
960515675415613440
124866730
1559677724876316672
294520984
1258683233081815041
892694169725976576
1113000505
3365218923
1516484752731115521
1118175947570630656
218444941
1563205061765115905
97181139
17547310
1519677677191499776
1574055486940450818
1315470473296109569
1354860523649687556
1559470090067779585
1307742222121488384
70227132
313986545
1496480110714654722
14335957
1510365828461608972
104775838
1474697201653714947
1521404540121239552
1211325164
2908373928
16289788
1561569802153594880
1572156661556551680
1045676002075181056
1554799234804813826
1583986516690456576
968852384712622082
870806122617225216
1557755028626018311
1257298812076462085
1570839488552931328
3160165886
1563545690152013824
1567338297071964166
1566376326956818432
793427462868852736
1557730795720097793
60705667
851618260089012224
1414161410808893443
2927942882
1367080096096342018
1277618299371651078
1491169467765768197
100373035
1492523337855078405
250521131
139655283
1558892898451595264
133648800
1467458978376392710
1568639453606080512
1568262712857182211
71555146
1547530894776614912
472354304
1583539958043869205
18854635
1569738213727813633
179052830
394227880
700423347818123264
3938514687
1568897890155696131
1557288534708432896
1295233568625405952
123227881
243568454
1560338089339412481
1351587373721653249
1283828546318659584
904710514609197056
1541126724787871746
1569268346406998016
908601374
1571055484580380673
1499919676272480257
1502578538204917765
1307609725035479040
1581281417241190401
898440575174590464
1565937941217624065
2600142306
337309727
1569804781673381888
1132982174
1559176480101474304
1489535319196246022
854338997262442496
3344116179
1279264455382228992
1557253832727724032
174523227
1434732495379992579
1565353366858805253
1233008008394878977
1498720438528225284
1247162269110120448
6995192
1113195087914311680
1573251842535997441
1706815572
1052385859
1537159607893774344
1564289939377987584
709383692485984256
387608825
932258348187160576
1567983890635300865
1530605728532242432
1578208733833969669
1580317768842452997
2676324558
909756625535344641
15692087
386513995
1573288065463877632
1394780040437501954
893748212787433474
1529693074263355393
41309009
1448394770154463237
1577588984284418049
1106037122
17805376
367884788
1513552289340010511
949052471036534784
1570287899274530817
1531893011860230144
1541373143872421889
1565938994797477890
1353313309018255360
1317762301
1547590064712011776
1557941085552648192
1558677248542412800
1411168675957121027
997821587435896833
1502259881285505033
144851263
1539650549611495424
1558461322337157123
1475747491786403842
2834010100
4384430293
4822076043
1557059482814799873
99100416
112117310
3526517374
302578268
1525524172557824000
210701247
3906977790
901658131
39740454
1237817324939460613
1357683924818886663
1373255145618694148
303431661
16153612
1370863812136554496
1401693569484656640
1386365566630383618
1567054089011490817
1582436829487308805
859008917082431489
911847660750913537
1536410974080606208
1082835705464680449
1261273436619505664
1214229535052320774
1496790388224532485
380339314
1226984345845424129
915288566539923456
897851122341347331
85778145
1300740072262828034
1017068180282339329
184025756
1271230896914305024
129946263
1066099598
1577711573405007872
817233820978204675
4836370052
167398839
1216151858462502912
704585502519857152
1585324164667392009
1063418293841772546
1313190411288993792
1450261362563768321
46712457
1584803222279147523
1547162160773492736
3296524422
28529773
27715994
1419156594135244807
18300375
2861217664
867114668384329728
973643521952448513
1566070118978928643
895945064958095361
1151940698
740049185865506816
1573648812341661696
4235283623
1588582422752493575
299264437
818141730901852161
1340047464360005632
1388601216012324869
19834517
1556023016521453568
1029852651780038658
1493513621636526084
1568179642531471365
841999208282484736
372845549
3007787083
4242926659
1478023731335335936
1180224707146190851
1557191142264930305
3424181174
266654763
908254131818827776
94244539
1568653071303020544
1580634892248829952
116521966
32571228
1557087010703171584
1557901163978162176
721987454
1296052410377437184
820720686
2930721844
276073638
1557828095226400770
1365416340723556357
1558655909580120064
1183820400985362434
60882796
58741970
16207747
1584464873076965383
1568161883487703040
3129682246
1557074601917968385
1499560745117241345
1506756059888852994
280643738
19742995
1444776554098212864
1530213815182565376
1352675672314019841
559067617
256445083
200484030
47735882
1580254963355222046
1573229962953428993
1282584823056470016
784887732719976452
1270009481494016002
1564245752414601217
1582709861774770176
1543506025961103362
1538230758439018498
1534621396822654976
1568058851349372928
1568676149043003395
313058764
76278784
2961715929
913037381909041152
1051210131617136640
133748389
591038069
1569085614393556992
1288385536806313989
1331906282954121216
1560272187617333248
1559180709402759171
1368792829997236229
1235204530192687107
486912667
55175677
1371997100033015809
1207539100569329664
1567148107082747904
347187742
1507542987793854465
1495262913480826881
792128169620938752
1563853732906942465
1565335699234390016
1565594192012685312
1547672543120674821
1546926849753862144
1551158664454709255
1472587285929541634
3825444615
1392523343325171712
1147936834179219456
3197610240
1504849227385606156
277962921
1574752960780931077
526153282
1286596003164909569
1690724455
1066163235039191040
1002295661281280000
22926775
64514174
1535715503368458241
358253618
1588613922545958913
1486447957545086977
945998863806205952
1473886067468156928
878366990485684225
1089215612713402370
1558262885075369991
1444607596615266306
1119744194
1558127360515399680
1587893226366984193
32440728
3091326004
1523343688843333632
475895153
1655068914
3290595192
45796894
218999041
1615401414
14096403
1561631553666547712
1528960829756166145
897834948
51227304
830625673974784002
1562273500634615809
1569035674791157761
2300216564
1567534531850149891
2256495516
1125627709923655680
1563033797678927878
1900664533
1475935008720310279
38926499
1506932750527479815
1034250501540339712
1460930562286399489
1552479206579359744
1586228509629829120
8062702
844932007075500034
1568484903263653889
614790858
156282180
456061913
1566136277166071809
1270518315971051521
102347360
2217511928
1346146158788431872
1356224382805401600
7461152
1241310652100227072
942731152091176961
1135591890840145926
77256360
1562956503031549954
1339990290501828608
283175617
273582923
19133843
1570112934105284608
1569341910174646273
1561054869686870016
951770067439534080
1518740162976518144
1484880638331465728
1082270259741114368
1543217704932368385
1519296220988162049
1487195908093661186
48342034
1873711
1546744576710307840
219813152
1234588151479459846
1575796900728811520
1488957149233520645
1380453648
1566569965804724234
787199446412988416
331108611
748002742925463553
3724362982
913738179865227264
34159188
1310658066
443494266
1262120352248889346
1059229280
26847411
101343218
1582655639876120576
1318866240375541762
14547107
1159814162
1570157463491543041
32015958
1570524781375590401
1257735124600356872
1449041252603895809
47756719
1568891473109651456
1275374624
1521478173258665984
1568067112991588352
1550642421230288897
1551946694878810112
918081690022629376
930848855830044672
1499496837576896518
268407801
1333526962757902340
78491808
957292610493779968
1431802007866675201
1518681122120556544
544547911
3980782972
1164131797808160769
3017145715
1557950406583455746
1558597422116655104
188033047
1557203616146006016
1565750788592386051
1584558641255956480
1585843795538903041
1484965857818296323
1490308912549023746
2354539232
1451087034542551040
365536231
1398306290485563402
1571596328840601601
1281285584896454656
1578650886787694594
907916907323514880
827514085684211714
1471591501075521537
370711756
1550188845202870272
215241690
1536384945261797377
1570007093113147392
149198262
1586011093935104000
1569552807556190208
98838527
1564008119025508354
1265264692202700800
1550025221973110784
144462405
1155544426497880064
1563848797159305216
1445684772542373890
1571875477161140229
1569796135581274112
1506953188116680709
1330123840081563653
1579064183039135744
332699592
178829735
718571463893233664
1569733810606206977
1529114534383853569
1354106661657571329
356875107
1570031646069374980
1037622405773094912
1575357900049915904
1565075185212039169
1348710589913124865
1538040775597969408
1566301333879144449
698201234835185665
931663030072492033
1573224984335552514
1571619531604344835
1545074410184445952
1563264780487364608
1483281197518278656
1351182797340368902
1473325133024542722
1315588279
1566452739416145923
236687074
1529763843555184641
1298753004120743937
1427161938945994761
1557444260357619716
1569550007434629122
822120163067789314
853742162
1579708129004376064
1227024444754931714
1563993604636512262
305502754
1135173979805822976
1425292129354407941
1465291612200833036
1575254545055318040
119981216
1219617237700612096
3824232372
68969730
2365290421
1581301720927313920
187751373
69255554
1523005659545014274
331765022
620881425
1418585768184975362
2152810804
1563339781425471489
951195136498814977
837760583298596864
1574312482985893888
1563071181070401539
1558810878048346113
119423884
1117612308526764032
785099695895015424
1076089837529300992
1036171242552918016
261087231
1574244484619051015
1530837810005123077
1313005115524046848
1050074890836107264
1395048557036523524
948969751115595777
1146787437114474496
556212168
101725601
1910415756
84097256
522550605
1587484965020712961
93889970
2608300356
1525673507459579904
1388106502737743875
127862266
1547874446521774081
963079679497285632
2742521043
801203059359678464
1222608913876635648
1699156284
263324970
766215366540402688
1540347507191980033
1565673681447227394
1571607326121152516
38954084
35982742
1567351273426677764
1582060681788014592
2441687850
1024512342283808773
1282063426320306179
560694992
1466820221189165060
44916181
3286806552
2568087150
827807310173073413
1488648464967819267
3317630878
158790996
1581902380991270912
1162399348266872833
1272566037989347328
938394780
1565596236815769601
1088009476161110017
1526760593654530049
738499258752589824
902457867680264193
1095095748436377601
1093140990423109632
1481237608063979522
508891545
925803072567304193
33455590
24384767
1559202558962348034
200584346
1520690814313238528
1229847335389290499
1390421720595566600
1233155038715006976
1541297854454661122
912309751752650753
1271031666690207745
1572757866788036609
1482442317415997447
1481937156184711171
957993614675795968
230188212
1560600512797577217
398433881
1478633357265281024
1566566198539866112
1460997806555025408
212266831
1422365443
1854871790
1536275849611288576
1386329133727186951
1368602858770198529
943950643
1558000096587010048
1500397988807516161
6186362
1086480694107344904
1242222743032082433
1587869052378251268
1586110928092897282
1358961623982104576
35402085
1425338282410401795
2745395323
202724004
974090343669940224
100260636
1520033816760442883
912629402948825089
1072517994742304768
2898020739
1565643850323922944
1579955184859373570
1572120447805685766
1557975978575544320
1563611808006819841
101787149
29545339
1535699195503726592
1542748479541608448
704068554
73867001
48415035
1453756950630461443
1180469190291050496
958286433055395841
1576101788201242626
1480769398713503744
588465294
1120628041204621312
82628981
1378075296545509380
1446560624939442177
820714482485825537
1462501060422033410
1210628736791597057
1556054240812060673
1568945988382883840
1409959849539080192
1108193386060750849
370475771
1568952116953104387
1501980610423894028
1556903229782474752
92764064
76083384
1368064873230311425
1088500213092937728
1559109758879154177
1167419511198355456
30648307
1584415364838039554
1537089696408412160
1569030853082095616
9959012
1186576570766495745
1558612902147289088
1576537756326567936
1242105607
915961543086534656
2298869316
1175032498398605312
1081111207040274432
1566594312481214464
23242773
2468523469
155434960
15081182
181623074
1184018310251208704
1562092286388871168
922384959339364352
109722335
1585961143646011392
1351233321255247874
920921795703709696
888421474725498881
1521384083812716545
1339556151906676737
1558733697779523584
1552330966563274752
491302044
219242136
4787012382
962286738151493633
1218149797284048898
1564835548677767168
1566566456787173380
1308028365698408448
269884874
1535014954193018885
939862515525316608
227279328
1515208447050063873
631020975
17815227
1575767654824300545
1585617857127542791
1546391709931540480
1519070620956479491
1509981311481655300
1584155570872926208
970545240363868160
4414908312
2880565638
709378253010501633
1240659758870409216
68675334
1570397591447142401
728286114
950844113422835714
1379210692746604549
2952597908
76591474
2481634664
370090010
2479956917
113942458
935716955134267394
1323410168915349505
1567172621069959168
1085332848771559425
1442841401331441664
35677143
2861594383
1341692504756908034
1446117639361740812
1973236602
1529837072554549248
1172950021689528320
65036724
1575879655113904129
113797453
882518779229597697
923412207001657345
426860600
1569477673600286720
1525561593744232448
29805635
1301476359550763008
3140246381
772833470238326784
1475561957675737096
1579170337581039616
43194239
1490173357
1358311560939147264
20470916
1563576819286429696
16896497
344651706
1524934802360905728
1566266029638144000
934792637227380736
1562352883047473157
1369731248420184065
1562710589276692486
26099897
1321126563522375685
15071201
488049581
190231630
1568707791291916289
908712341960785920
466514146
2176158111
16878903
1365374054027427842
28165790
925183853110661120
197577579
1398905653763002368
1287759743205826560
948930193317560320
3146275116
1075372066650710016
1143296723638337536
10216032
1564785890567798786
1490276978607501313
1512445675413327873
10040
1379311997611728898
1485164124816707584
922255014839574528
1489396456360341505
821567125785612288
799994210212573184
19594837
929823344198848512
3728699294
1529394755184037890
1517905650444951553
792573558954295296
1166060489283133440
792716707
998631533333417984
1471129298450976769
1481110363542372354
556930453
1558556123162181635
1503538180783435776
14983363
1395124972062969866
1912620356
1863442914
1551273761227300864
2827053326
1539814176905760769
345819752
1615185872
1496950529762766849
128172324
215386906
940122058368970753
1429084760
185167632
586405873
1091460686687817728
863566931508342785
1307980844951195648
1473122245631516678
1009421611915620352
114903504
1093512610513743872
3852445697
2232852597
1190344192133861377
2762541339
1178619521029959681
704361376479879168
1346771723706900480
2279295552
109589075
1428777520527298564
3317045803
3688660222
822916233309855746
2610329652
1266581977714626560
721637135904862208
4472341046
1213209928162140160
1574475165035106305
1426246080388292609
1563866231467384834
1130832675781193731
1567729334470803456
1564278258786770944
1569733172912615424
990102110
836911639693836288
1557137741170851840
1566316906365460480
44377396
250598300
2869329551
753885122
1484497921269985283
930392630164275200
22441251
1164923078
1554376207663112192
1550671315891363840
1440867474434527243
1567342518785769473
1088153997066846208
3310034466
414377530
1554195002615648259
1529972481607745536
955021009278644224
1407891468350525449
1389203837324455941
1026165962754678785
1470579181230690309
883625223773274113
1201440890754977793
1355054565658415104
1296306352751628289
1541381622288859139
1324032841068412929
1483347429395206144
109749503
2785138135
974758985000767488
362536378
1204326064543141888
1586051262595973120
96249321
1432619877898981378
1578149100725354496
4884714708
1517166752668524547
1493303131907805188
2473011080
906229350948900864
107445534
1538766716104482817
1512972087664656388
1140488502
80723135
1348447976897748993
875700962878304261
426909816
1557130967831040002
251044364
1396717475681783809
1582018096541233152
6841012
1095983634773815296
41461000
1575562202727477249
947497395188912128
1586597763378282496
1213099232283856896
2713875793
1497530778665824258
43364757
1587467881750609928
744019041241665539
2488071696
517141511
1113348462
1505442894965972992
1567965691260575747
111117173
789794001813696512
98212125
1476489401664344065
1550695411031195650
60698784
825719447465971715
123888016
306136455
832681804779790340
2712762617
9039692
1059796153749909504
777176100367699969
1538698435783696385
2338063366
1511885023384727552
1567234542523514880
128247758
820427341507792898
1545576441361965057
1505563341917413382
2604026942
1541027983921659904
145514398
1442447911510429702
216027705
2522225815
1466982516158451712
15545122
962786622298296325
1533205344914227203
1493834426878464000
2864708849
1569910286911676419
12669912
1546212185579438087
1535318861230350339
1458419175215583238
3082087950
635553041
1390847706982195201
1568874585009065984
1519078742274019329
1550920729977184256
1323745928679882752
1566157588143931392
1538821952231841795
1512496731862315008
1553166452429148161
64750676
1585662790739656704
191308482
1568188427878686721
123352464
469425648
950896995031433216
138579584
1565557435867463681
20725575
1308101660649029634
837559612630978560
620457329
151946901
1045020512613814273
801229752182902784
929672542368948226
717687804453466112
1586702575256092673
4623972094
1090110500
156008395
2588421288
1568274474960551937
1478399630689939457
1569920576495702016
1568508512472367104
1040687105897320448
929490710
562967099
1001801984708694016
1520678478793920512
2613746809
808065134912475137
240709122
232756064
912337617961783296
1151687358473035777
1223241516837027846
28383682
1461966168210780168
15523895
1567418024914984960
91939518
1569102853179932674
48868978
1502705480090918919
1501920723891150853
815822422087606272
1544205630499500033
1588368352141099010
2491416110
1552263986984685569
1490817091200450561
1522919531722776578
51044187
1515243528611315714
1541162956456689668
1566798831215419395
1446306340071256076
1454395185715159044
7257072
1514267567514431488
1270409785662484481
2352735144
859755597511614467
353733597
1391474491881033728
2240261847
1568628816255352832
2344476561
44647822
1566213149904310274
318590209
366962076
1566768396900990983
1566102697488572417
1557353858547990534
920149861739126785
1429650670383075334
451689275
23807709
284360365
1455542281310769172
126276682
1585429432319315968
32735766
869862046648733696
1404542087912112128
54406648
1011088339041054720
1570144913756459008
1565124234149494785
1570193640315813888
1011242024287330310
1467734117236228098
1565968390082236417
717304748093939712
598664097
4188785600
758556741797867520
966322611314741248
546919470
1520543821158916097
874408401932918785
1424774121238446082
305031815
1311752993516195844
1026290594
2999667652
1290315905969336332
1536058176054996996
1107807283335946240
931823405699158018
1531420351586091008
191235694
737623880995508224
1548383548763095042
37011010
1278368783661481985
1119225847
2448170923
1007917481929859072
784402576028598272
1518766142306803713
859963045153566720
1566375408743899136
1292883347786461186
279156280
1388000819446878210
905240908076949504
1036356753397559297
1368754217855295491
42855635
56663186
1588244267331362817
1405966584603156483
1583622103462514690
1560958421150597120
1568814817271775232
4533996267
37452050
1568469897193357312
1021330721040945152
1548742125575368704
10130462
1457098233683927041
4821534274
842288431610892288
4128368363
182294928
1563635919667838976
1469694442059804676
984293107
3766198272
1499806471403487237
1558505351498141697
1569745917997379584
1566814030366330880
620058823
16438898
1564208758213214208
229702177
929552156947972100
2810641565
1464656619833331714
1186693129522548736
1428381179229638664
1248170649794863104
1522011787943870464
1587489855277236231
1583350660447326208
1446713687255883785
2490574814
988382950499803136
159655917
17701772
1336098534509174784
1532477909776089089
1537515557397856258
1561638368
1058351332610830337
1319421366588891136
130056115
1227586961101279232
1565850412024217600
92575816
1566346011898814464
1527260750
1584647697092734976
1384198240975818754
1567807050347855872
1567519862846619655
1455939634169401344
1517035085169500160
1580213178432118785
1553387532930408448
1247167525961338881
20291638
2249121151
2996083496
1520262393280008192
850614465171148802
1567748629749764097
733277444
4731356055
160755650
1547707499758792706
258085984
80249964
179334563
2468909875
24619412
377789391
466784469
1059453753433063427
1045511690
1054599264133738496
1558613388934127617
884022229
934893415640297472
435538324
234367179
1539919975963664384
1570434193439473670
198019138
933268343963901953
1486766349284257796
115594315
1569380578331426816
1560020571169120258
996468625526665217
2587140344
1568906000433807360
1508983465764696068
1582953595
1545318399026290691
804741171302060032
1508693725039689728
1580649918137618433
1484091019046137858
1480763354692075522
900562824845504512
492991594
869117567264272385
335538600
1328338271412350976
88382154
1260599973206425600
1388146260612239362
1579589727329476610
18358871
917119962761846793
1134811601478017024
1389364343276404738
147470258
2278244706
1506333813127135236
44059306
889150417535414273
1524076522809663489
1122225158469632000
38267863
20478523
1522567138061467648
1508635726262710279
1477897731788009473
1468454555709239296
1237085908161171456
906026626156183552
1569418254052986880
862834412341178368
1567805175443734528
1339405601521090562
1512535078542450689
1033386393395855365
1124610069264523266
1511681785721421833
1574753961302712320
1566019216490184704
1564808290713776128
1369694187231215616
2162697578
1229154112387928070
1292973496327340035
111819880
957758496388321284
19355455
1213721946057105408
232654025
1018120093308354562
1483905431831461890
1106044673699864576
1482729116990324739
1095178939281096704
1228319394738135041
1283369236841353218
17100355
827163441597075456
1216640130049433601
15772495
1559139655530029058
877610901897175040
973828824638132225
4807142134
514608388
834623131360780289
1445891684714299393
1370931957849235459
967175808749010945
345744715
1486993883930185730
212213885
1570619746843869188
5149
1666038950
1564994322407329806
1559145773111074817
972439052078190592
1395874233167843333
815527376666890240
259498300
75836430
1532371610895847426
1554518185008893953
1566693968699539456
1549605243033370638
925059242
1525297031689797632
1557946264683249664
414274200
1406669524162674692
2999627873
1143639418491871233
1566828123739627520
1247049723715801088
1544849336089153536
1309503350912757761
3879740056
3289570227
1551881990885892097
1358728192178204674
830209949800165376
729905352892948480
78352980
1441241710290358274
1170070944624316418
747750157656162304
1570431373642727424
101584084
1312929638
1503179612091650049
1390650917389701121
205257452
67229893
22947767
116527116
1560665789786619904
942220243270856704
778990953252130816
884544406602133504
1358398005615816704
726380619337482241
1576165185156513792
1548240178543673345
1532240738406125568
1475303734657781760
1347592127841112064
1105351886641627137
1544578404204384258
1376524041033445376
2245990645
1568186322241691649
1569009986398785539
1498280509943734278
79837958
1106610379323523076
1546999891012075529
707487972682309632
1423462998971228162
1560338193416945664
1433372659283333122
1569870853478977537
90918541
978045673
1547525308756234242
2377428391
321604211
287685401
1583530541109870594
1501054379650027521
956664068009443328
1569571295100305408
187971140
1557740873575956480
1138705674702151680
757984307235270656
1327264764066750466
1580634683699855360
1547698481615147009
1270650427063832576
1380188389337665540
707392945
1567722496916598786
103948945
894241007532990464
1295304866055598081
3859673713
16528901
3150935402
993891441150742529
1363492464292634625
1569431084986957824
1572921638085083136
1043509248997646338
1260898487266402305
1527488737940217856
38426252
926314610696876033
498682271
1457486923203756033
95409415
66928610
1535270318473887745
1228011095597690880
1159275605558534144
367189603
1557331672797954048
18400764
865167532860297217
1099220199558053889
1013027208372383745
937025306
1539635436838084608
1352946184411869185
283813288
820097425
1480357001112653828
1574732166356865025
1565931206453014528
1375400312559730688
45758017
880606617787670528
195633771
2755371372
53898323
1556787479369330689
1572661108871249921
1110386505480986625
954155836632334336
1579273815548387328
1383247527848284169
1149335020387147776
1583005165157842946
1573018707382632450
1566049918136897537
1564730520294113281
745159700308594688
1580693951786504227
929988558420611072
869520607
1570273370973020161
1115874343186313216
1059941081754722309
888437681558102017
82287927
1552892948869779457
1461296791186546695
1062383786321686528
1223331555428503552
278721527
1578966643589496833
1432728876061544454
1440347074780827649
433410295
721945728067575808
1513578793562406912
702288480
1566685829619228674
953080616454467584
1417402231649886226
935591917353500674
1324096221141762048
1381037931628990467
3240190007
1385089788
1573394147578363904
1373347806
1538445280516923393
1561806397251149825
1504517801175826436
176598076
1030691517386510337
1357574161745539072
1533599252685164544
712225092185378816
2800314926
43725665
1155074593578782720
1068455490475184128
1568104366317371394
358324003
1569386086396305409
911683342646566914
3497268500
108286674
1585355903846551553
710428477
70088539
1568481509069279232
2332491769
3151830948
1098795559597465601
2902497502
1237877170887745536
1406628430783909889
1549943085450371073
120404414
1106814067828764672
167116754
1562037114925113345
210057442
1557017732364787712
892790589930000384
1568936021190131714
1392554442361241601
1016448738880114688
1489330459687411715
3840
359740229
1531883180835364865
41648676
1001428250298650624
1532939098616471552
1565497930328449026
20156081
1581965616042450945
25868334
1532102439679180808
823560541604118528
1437936624357183492
94916186
1546503572891762689
449256008
1572647716991139845
374440027
1372847521832169476
1056914003941867526
86083050
1519330392926531584
1565435535090503683
17699627
1559213711671304194
1575422469678194688
917396591287459841
1565104569956401155
349380598
3403818183
1231967051121446913
1489649717273194498
1475371748686118914
1302930607970738176
1563245531211911169
2655547057
1353009776058314754
1059483664764100608
1565128459361259520
2611918692
1568660459599052800
1375114048266760195
581254210
1269424027
1072241965
1282017151180771335
1558891918595080198
985966872544739328
1545442906298793989
2986621462
2547850867
1463735162408030209
1555238676770295810
1402883782194126857
1337263630107205634
96107601
1568073662653435906
1186608904718954498
1553108724163776512
1486133005
237418375
1351668012097552384
932474390
1558790466203750400
703679873
1584490769913729024
1356099715486650370
9096202
1579403553164361729
15016633
1582789352073084931
1559031915914608640
991902308
1473273901811654662
1437298232044838914
1560312666962288640
1284131056204107778
1570491615709483009
53224857
1565100828700057600
1870073576
54192971
1359106302
1519096123285291008
1580786410461990912
1288529078971072513
1531355994709987328
1038209340954443777
1580781752343306240
2977911154
964449790640586752
3300389950
1954307282
872695783
993999891062915072
15110528
97703151
425072911
1409099343123017732
1568516687246524417
391458826
462851998
813469782481797122
1496983365609684995
422766226
14763855
932733119026860032
1347305485087637504
1522268236049440772
1446153821000896518
1559395676798062592
947055777394589696
30441315
1524127420940374017
1385299008608948230
2402915880
703743931041849344
1326166553847590913
1569374594129068034
2907340122
3576641054
1035121406512513024
849334341314387968
1569186972505186305
1543209062396993538
3128650929
17685347
1438502145418928139
1444868610409828353
1565051876193738752
784279049875038213
1565654480380739584
1451351002859278355
1568512705337630720
1242425688650588160
1276855074686451714
951170028589608961
1575723113341337600
150260356
274970847
1488415314371289090
1298124733565698048
1247917517043109893
986809752838537217
1548830516375441410
1557334171835588616
363191493
1246772437150093313
1534574234915291137
333593673
221389458
1566911700963848192
64654737
1041367248139702273
932413044793122817
1445117178504753152
15694469
1574751524139716608
1325562009417519104
52682233
1569506006224486401
127678166
952619182729957378
1507967132457443328
1537123211531497474
1404414954934001666
2339293328
3306480825
1280904952143962113
21159382
3301255962
1366037042954723328
15479728
953304614216007680
546621748
1466620244827455488
27230633
35767916
1182936735673671680
1560167451425374210
3145982497
1031026341057986560
1154536093930229760
726687635494821888
1309231979980824578
206087771
1341052118761783296
1541017591048769537
1879895982
1332577613521424385
165683206
1588945023445467137
299055361
3178420632
970091625979482113
1526612459443871746
832452179378192385
3302988028
1266526727901044736
1550502779122499585
26637595
369468529
50945869
1581623392263880705
950088080769343489
1366929530078720004
287794671
1564497112293064704
1562594575528521728
1425372411352989699
1566272868316377088
1299711258841608194
1568534807960850432
1385202182237032448
2364448484
875292479230267392
1572533460459290625
1564182163989450753
1586155478538657792
1548051958413402113
964930658
71174752
1530177732881043456
1333867372416036864
964641
739469098145320960
98713812
18002066
199429305
1579870093336625152
770411084
1570252343995686913
1042849720874487814
1088972754995609600
969885505415532546
1579146285864845312
258840610
1171055182546919425
1539316909245595648
2708601228
1415800265085751301
26017139
1558490875050737665
1547847812598992896
1091543394428416000
3557395635
1568882634834714626
471591456
1559074157454938113
3056519969
898924392482299904
1082994839740923904
1338522764609605638
769666415506890752
1144586864768299008
1583880414334050305
1382382400987086851
1566728104503939072
1496833228061257732
1562174395103199232
71281367
1494126211399888896
1072666064960479232
979426073279688706
937577242342723584
617732367
1540823136
1558857964500520960
1539538341955256322
1558868216348377088
1566160359467225091
1194561554278014976
1049163825126105088
1545324844350423040
74297892
256487198
478227449
1580357141365460995
1566941346245607424
1258144195912613890
1488154231639101440
27282865
2214244382
1302309122474422275
1569439958347444227
1155800356724461570
1490202761136201730
1343555213823799297
1572811309413957633
1339941788
1382704609353998344
145980540
1563451935184658432
309767511
1404063982017732611
1537547232324501506
1568271265169035264
54182296
1567165119163146240
1313442583259955202
1726076226
940132207540174848
1398449984266244097
3283518463
252870678
1413418402379567113
80615287
453653986
1081521687290621953
795147738
1573041570664026113
40599493
23784887
1475510559940526092
1576288616673845249
3164776218
1572903962982088704
1128586896676835328
1241040593263792128
386343379
4833338019
1558372492162596866
2155198272
142538128
1560282543428997120
1568062073178832897
1548925769858301952
67401150
3073445056
2352056137
1520156120429514752
3012089729
1543290255293353984
1570071236973334529
702264593
1032949604042592257
97658090
1316189104221151232
1582877000330805250
2915339128
1296437691500728320
2814963707
1309731000751022080
1553971690027339777
851006637053812736
15064389
112984154
971564635
153252061
2174976662
1567936229651406852
1302479578888167425
4795675837
3347600698
2667435332
1567237585168224257
1526929658067005441
1464654191952113667
1477201196976775170
18031746
976005425735675904
15889332
176946754
1570697333729263617
849732866070110208
888764049097457664
1586983033
1445109513485316102
1472022989717729282
190262485
932915863098884096
1312230510777729024
583234115
38374491
189049987
1576587322711502849
802246546607644672
1587555226411753472
141818347
1259024967041253377
832313083955646464
1504708514253529099
1401775459982098432
1558881957840269312
1568182341067018242
1072599396355899392
1500778119988486144
1522622701109719045
4851324544
2280063978
82574094
1561122346794205185
1150017093334683648
1504846809679777796
1392053456664285190
1314391482036613120
101252508
133886356
409985044
1372610065
541404433
1365057884611096581
1586402034428919808
1492926422494507009
1551911942666784768
3224436169
1527895197543276546
492109947
1403701116324380675
732956570909302784
3750145513
178027492
1258470845548290049
133339834
1527519613474557953
1563127560594079744
1586080439613231107
1480735292466233346
1485294826853744643
1534558084269584385
1150075826173427712
1462548157435457540
1577346553638944777
1580872178727280640
20432019
1327979547883696129
1566129888331182080
812403720927334400
901487634
997514244932362241
1348129372935487488
1203794991438540809
1283336253006655488
1570465378802737158
1345046897594011648
927904751236407296
1535000573363507200
161769014
1568624839195328515
1566677987575050241
1576906494393688067
1408591085933416453
601736770
1454752198777212929
536132194
1134374322980696064
1505247563510947840
1157882334974218240
168605016
3594228013
819263753820786689
87608158
64986271
1533424778287128576
152116574
711567856693940225
1564509982317596673
1567567448018124802
1564159351320985601
2247374065
1434400462015328257
1537105924426305536
30865982
1024036021938413568
2249058914
1562233783377862659
1563412664487137281
1566374113442414595
1204552983469547520
1570306178512728067
1449245395607900164
60954808
74083612
28872298
1513600125926625283
1204087601004761089
1340595284418699265
1566798149536055298
192518426
1376212668869132288
1544935002013683713
1065694384652460032
3995833618
732523759664435204
1221197042
1525664768992112640
1395875842115375105
1342555589466091520
1558132000216666112
1435953579999830020
96564060
1427654081951289348
1496390241766490114
15190114
748185011191316480
1141670539909566469
1569401610349969408
1566285975990460416
836774374208339971
1507186002145783811
2730759696
263395582
266666832
1558201209441423360
1557327641698615296
1323470823617748992
1498968504183275521
825319575050928128
1496272488203915266
1193053731492773889
130446043
1530836451772051458
28574567
1513816628940652547
895236305294151680
1558029753457721344
1563810889438052353
1465621365386403840
1363140534072729603
401903605
3133908301
1501927937402355721
207804775
1257957865576431622
1575264189999874049
1557719681418633216
1578835142533169153
1568133410723438592
1582239040316768257
451451808
1260514195
1429840736615165956
1328609345836298240
135419758
1423485929596104706
746083674047709184
233244274
2343973446
1585512119704887297
1567965851755909121
1548703068342075397
1503772320267071493
145722515
1570098568068988929
38190284
1567610554822320129
1573593787779420160
1874043871
3425047553
1263498052255526914
1564122273136738306
1580206107968126977
1060714057005588480
1315265778002911233
1567156854429741056
1137788908887052288
846389675799535616
1919675754
8627252
1506612426040819714
132337419
1487058887945691145
1517155396561285125
70384004
1530154626565406720
870901415677493248
163897492
1213210479734050816
1129307119
3494586621
1277742254107607040
1166381062248783874
1564396376951226370
853636209192652802
1117989532668841984
845185042766712832
1518771449871441921
1572387911730974720
11376302
2804307720
1565386067632656384
904054962
1519118113144516608
53376576
917464131954933761
1566399199930990593
1557099267755347968
1405608793258565636
1215778640572616704
1580218302340661249
1183943997657468929
1564930425520283648
325186039
1258748006326624256
1496107319943385090
1214045807009128448
286399465
1511104827312717825
324817220
1567090759165263872
1520800402840735744
2278052563
27742306
1173537356747612160
9588882
1572363891749056512
2974469463
1330993967664656391
1346860266986893315
1123606100413014016
2359348229
23250667
1207358189563531264
1314510442748768257
1568253950616555521
732542772830470144
1326814741155766273
87910920
889701223
1560473248382566400
36169270
4628839477
1578063579198021644
1562993824808349697
301134060
1554457877225435136
374672374
4374719908
1079309780118728705
1447494859686768645
1359196874910044161
1444560448204988418
1399583052192530433
1563909659039186945
5449422
1223665458404044801
792858375960850432
855348651421560833
1388333905070022658
1114154635
832201217224896512
1490398734349488130
1253836841154838528
1581381048469946368
898808282827165697
1477595295093760001
989083999946625026
877695915871678464
231015328
998744472270749697
1568331553465319427
1499052196897255427
1583153221350002688
1450842233759019017
340331086
93371375
1566753085925609473
1234123493140201472
1315942752081735680
1397976176799326211
2759157810
1123008508734078976
1566489893467045893
1351952411850584068
57490449
1581782495720243200
1567820272581091329
1541942185485934592
1569744588751110144
44599601
1563076473422237697
1564621128701722625
1564540851862347776
1568522170476937216
1574085719601315842
2183884464
4720693500
1521145295266099201
1705225872
2989575914
957906645383860224
19763027
777027412903079936
1553996830018416641
1237476286706126854
1567351605397454849
351628077
304429929
3245404393
1483418993533022209
925698860181278720
197407851
1499146350134497280
1523965488207904769
1363134177835700229
1174753600922370049
1020060214328995841
1565897679556620289
1311990468457099264
1446264549766832128
3276250016
1426721954690646017
1569502268231421952
2349128279
1564657978996842496
1044937263489134592
68184129
1411352675594158083
735865124737679364
22387558
180367634
1497929601703727110
2273038773
1512404608941010950
33033544
1268519622917140480
1357998953225015299
1575242848701542401
1284387954119585793
273195745
1021595298832019456
1576966663144103938
1569979301738721282
1558247273800376323
1341905688566530048
158136301
1572089826018734081
1432235620236095489
553203705
1547143354223296512
724540889222225920
1503447436156719107
1479779310919585793
115612582
1558128366863147008
1491141477023592453
921406207901835264
1585517966833090564
292961236
754415948
1285295927331348481
1587537371100332035
706165628726546433
1487585280
1556369741840879618
102565346
1570169643695853568
1235820135476129793
1169331505484783616
1440727803154944016
1519366824730804226
1253747357109362693
1338877597212610560
702508116621930497
1528632496715452417
1576626985459130372
1294164497830010880
1098248350107926534
1547534003435032577
225208219
1493632318673768455
1577451718236946435
15424281
1119322996492124160
1573279369556107264
1147094014149238785
1274022850349891584
831397942560964608
1301851960711303171
1374593215
19857178
1479450610428690438
267231780
623965452
1377987426090688515
1513920342955282436
3432606231
1353756359876096016
147383043
1556598775933706241
869562223601094657
885258060540895232
858490386972647424
1019714572708532225
1573560572658032640
923699313984892928
1586003107372212225
1143701142867566593
2985901369
3104770988
1253692427174473728
1511429062492794887
1569991060876566531
877278241
1278922716993581057
1116707377741479936
152564192
397793693
1527619616914255872
1027535334
2481695936
1512042254659047430
1272873073377595393
1561154400902868992
1418583023008641025
1551049650949480449
1546120485754241025
794911747350130689
908904553965408256
1559586484994326528
4548524053
2985699488
1242979129370296322
4730339497
1502375979171336199
1437803980717953031
806289696414461952
1566792872720048128
1385609298911318016
1248648606795563009
2317579134
1575190361965838336
1541009238142615552
23652949
1452900087001083907
2398033996
1564690305470849028
1508895833122607111
89994189
1488823433504956421
846797824268288001
1496880556679696386
1566061582089523200
1437197715893407753
1531655940
1551505087213850624
588465347
808906844
145545575
1228789768575688704
21197534
527890543
3686731636
1359437016254083074
879776426899234817
1454049406538305542
2522181050
1421131445477679109
1514705227668246534
1434079622212186114
1565809145403658243
1469063342509731845
29472487
1297791208564109312
1583858103887757312
805620828242989056
2687879346
1388421886070214657
39022317
1250823317742895106
1569539850176692230
1582006276527198208
703492314
1501180012837306371
2994127965
3135107346
1541907640380297217
911600231334256641
1564175678769172480
756605019894353921
1502285045377249289
2970282479
1570304128848363520
94597964
1586029165073104896
826530041299398657
703303960912904193
2530921997
330801307
1948512270
1556833344
94423481
956719981
1460145162156265476
1566545538249621507
1447481326018260992
1173754132647354368
1568942686123528192
1417562192
1560413377666629632
2264108723
48664829
1559309499755790338
1445409234053652482
1072589342692978688
1558031888648110080
1523712697887506433
632397611
507805001
1527988244
1571789823626674176
938080704
1149684909579079680
223206104
465302600
1558134305162944515
2479488799
1278255239175401472
1567451949943095302
519471134
3279227047
202537853
839468501014204416
2511395400
123715119
1553390072627695616
1563290816549830657
871547965
1563774610243461120
902193411444367360
1546563078535294976
1291783867712655360
1558875296966750209
1551249829585715202
1181265978770034700
1556914914056445953
3242433641
1520058666925260801
1507629060704411650
1554085611358720000
1605364838
1488172932165681156
901105471586807814
698441626600009728
1219090378340667392
2712672283
3219470918
1536763026401107971
1557416920797904900
211062012
368668421
18328493
1496497972607176710
1540723927810736128
1579829361854894082
1248607508169510914
1349183162799202304
147709014
1576929982101716998
731042327452626944
147629076
1567492870579552260
890012846750277632
1570001832201670658
1326692465173262342
29196152
1564766199187111936
1299580982501109760
1006497074
1126571799486042112
480883297
892528689639964672
1489612954165202950
3197536106
1578925448645423104
1566753716748836864
1087007616310611969
934164399681687552
199321129
129943001
42127622
100511148
1296734305
1536273190271557632
1559331909938855939
176184142
171892955
1443938558616563714
1519390920814350339
1565909943177265152
1068563196452192257
388606835
245586089
1564124074997153792
1584834803790135296
64285032
132062287
3219803546
764220970391441408
1483293131005378563
1565730983965560832
1379390092284940288
973000670792970240
1251695895273279488
1471843758027132932
72730914
17838792
905159665524383745
1516769272298676225
1340009949628346368
791167394290868224
1560851965818593282
385740603
1508774537344819206
1307243336483377152
20761579
859915567574245378
1418613416
1569527650657652739
2384122532
1569967778597052417
17964841
1574105885684572161
1353663853
255648275
799200604040163328
1569126814710398978
63823292
1571903912050835456
1487153153116340228
3020188759
14643852
1519521603893272576
756554986809532416
1427664031788249088
1455905781434490883
3781946123
449886580
1534206036730576897
1344451783201067020
739736816
1576282520001331202
252955972
1577434086439878659
1570037230743207936
1889808776
1566637251957760006
1391862571133767680
225021500
1428539678
1416936794034032643
616689043
44760914
1038258701323329537
866383622927822848
1568595700530782210
531254614
1247099002568544257
1363440052253114369
300306176
1567898917513084929
1531627653781782530
1321900603740692480
1571105366418640896
1540775148222984192
1496948495848202240
41353210
1558204762226434049
1369496011186597896
466541950
2786419794
2370005473
826631824700997633
1360155757
1568349139020255234
3156782536
4548953541
1526200547845472259
842094289341448192
1541899243144609792
1282270184510648320
1466179260389937162
1212030959085740036
1294935198996602881
1357582624328458240
1569288347822034944
86657187
1082303998802051072
1054451196
964596534590431232
18800490
1159143885114945541
1580075994366590976
797765106
1314546560319930368
1619545933
1500946670883901445
1587147880560828418
1584503569478258688
1558460721976975361
444003528
49838277
920458865090662400
1565257387656757250
17201188
1572631871430823936
1585362998289649664
1091126069845848064
3372721379
1100285513288671232
2282225023
1268155802625376256
1584697130308042758
2631528459
1445805516387536904
1561400051339067394
1549241783778934785
65330735
1582213143987617793
1291065604250755072
1363124266057805825
1568511960593092608
1329875384888930307
1434650790
1581103443640565760
1570072979090075648
1202557734215966720
1198609660409864192
2842941239
28672481
1549574490220564480
16012926
1491816425677332484
1557638812259348480
1472710545535029253
268759332
602110787
1123999787114745860
1555541396202721280
182945224
1479805885291528193
1548584689409089537
906683408423813120
969606302904258560
1577857480318603264
1729942118
1435056653007740930
907133065591435264
1587058254672281600
384874371
1559135390329716736
882753773650587648
1169240586257424384
1185772612896485376
1557126192188297219
1167435160536530945
1184388781731962880
1496421968312258562
1559561865847484416
1565078754975784961
1550731660764889094
2350595140
3319326029
1006091107816628225
778541951591313408
1365298367882956801
1569373591367569410
1340646592584572932
1576603110126096384
1575662773
1490050353550983168
1295024758791102466
72135191
1547978434898325504
1576938970264604672
1324085684769071104
1548626630674898952
25515342
1562879274733883393
1440398863613841417
411805600
1433790387181834264
168225735
18432204
1496934042662547463
900542625060724737
1586806211894251521
1547476933927227392
1143168044627197955
1563563687931412481
1376403936
941165448476971015
375737941
1190958877283700737
2934428791
1569904943259340801
1576455216077344768
302020885
1517043922928689152
1606137768
88492683
1042521471380217856
1558258052175986688
329682805
1578736281978380290
927549111561261056
1547211106049003521
839957229419782144
1243818350242861056
1320175314736156673
1567179627579469826
1552945015021789185
1568197414514827269
1559998396735406082
1575626639962439680
1563234857026605057
1482214554696548353
1565590305549692928
1515581670828961794
1516298945445564417
1568517885009559554
1222653864869912576
941480619925700608
911483159035957249
26374022
1513325213852835842
969938266840584192
567965519
1404331735949643784
933115711555121153
1493691643303710728
1516088810995658762
275264438
1565384260227407877
1213627526
2694889532
1454949714235854851
1545535258048733186
15754569
1545403141402796032
719472337
1549409456945250305
930215444492959744
1444679582020472833
1441197867444563968
722105840665300992
933955400986009600
1298069715642757121
1571732123706343426
1525540295454396416
340298107
717161406643068929
909195659286159360
14205860
1480467168
1558921376588857344
1584313293333741570
2750290305
913187917
1411902032152170506
1563289951285829632
1532566662225874944
1390216394717999104
1470564334875123715
1499457490488074243
747047365270462464
2192666827
920423205935960074
1553312786918391810
1418144678629740546
1571037417120866306
1146857913908117504
1580209443161210880
2596506846
990126840386805760
913413083590045696
1499104847752278019
1538342399344246785
924381546852896769
28482605
20594148
949999932844290049
1531488657206804480
1580568599445606405
16991825
2432173730
4883023899
1579824334226722817
1490657012698554368
1374785553732759554
1350436666230521859
1430981005452660742
1501055212923940868
934587932001886208
1539859173315203072
467551970
788065790
1445320595269246977
455962938
905527814669172736
1577367478484746252
1180202278470352896
1568383811313967107
916634772180320256
1345925596279414786
1391015062521909250
1278756964680339456
6570752
324694073
1462027069676834817
718487850111660036
1579928008005148847
701194430074773506
169548736
1293197759206522881
1014835663550730241
26770465
1355369503
3091979909
1472047846866182144
1497392247901667300
1536812985590480897
1414053328053362691
1246379053843722241
394783827
1525076217598095360
36263785
1391467267465035776
1420597605898153986
1580757702472499202
1566514137521324033
1378722576
169262690
1322050635911565314
983345860129026049
1534964398405873664
3237819352
1712714378
25141298
2438885882
2956501265
915668347995480066
867331185562746880
1577125128047333376
829665487478874112
614510956
1570468169478701062
1569929259614961664
1451564775306141698
22485247
782981067414265856
1585093743606128640
1181457356120629248
890096389967007745
61619491
1360705775220518914
1567994553692569602
1394448765298233348
112462622
1568001943271870464
1518864285564289024
1582150907059441687
1268879624081076224
1541795495886180352
19982191
2301816312
439315636
1422107599781056513
1408606931699126278
1192850233111261185
87415577
1566876925666238465
301397976
96850338
943228821804933121
723365054897217536
701465165552820228
1282235380385767426
1540259209824161793
304402954
1506770359432921089
2277104654
1198161380299460609
1046739668832784386
1561870001367404551
1437162597078474752
1035519233155846144
1312377650883653632
492694452
989369684880379904
1581133404908691456
2415156734
1403257440574099457
931972026
1323619820
1558771865119858688
921465457332203520
61992164
948676291271839744
770173397762396161
65480056
1569531952264523777
1093032338353766400
1427819532266049541
1410226044204949516
4743504615
2218570394
1585087948848078848
1563971949948280833
1596081553
3276105956
1483143015329722373
1449856844
1419630680703709187
1453909092808814595
868172785981542400
889915774302814213
1568891730245681155
1569085598396256263
78729763
909896826362503168
1376947725535744004
358105372
1029038964739461121
1124591992183197697
1244479393499680769
1519321311490756609
1212327832338042881
1566084201379758082
1165726268014379009
1505067215036592130
3888273677
1904463750
993491081797947395
3031993261
144175369
2385278868
741643681703337984
1573511687042260993
1024715739377410049
1343418365876977664
1537911510449541121
1070031118076850176
1334561643108286465
760146789257183233
1426789630435749889
734338541627445248
1247894930732675072
109446300
991373805816709121
3035501241
1578800735998955520
1549014182871420936
3807423915
985636632555610112
1565780389423095809
592504650
953937247492980736
1565275564218454017
1563251365639467009
78678973
2872169711
1572525383701995520
1515710741751422976
1578113082148225037
17788508
725576392537067520
1429775240490622982
3008403679
1499271786646712320
1557621250918617088
1499371034306555904
90256012
1572894158091866113
1574740697348980742
897782423144079360
2313469682
1544738295086829569
1570295903852064768
47906610
1574307609951309826
3708265640
1391752953464295425
1548392050642468864
297525686
838847114876702722
1570174224311926790
3239381358
1565823211996315648
93996150
1579861030490050560
1559152715556655105
1432423462174437389
2842282216
1244332695196446720
788361893811412996
922971095560486913
1031847259443523585
2583580160
959230512458952704
1476820669656563713
991437601197383681
344562801
943758490484518912
917051794148220928
1531243329517547520
1564864225356517377
935352904931782661
2987069299
71983498
502438663
1567874332197638146
922176500119556096
1394815014
18141612
1583180342994821120
54886078
1568138790878826496
1050543948760903681
1265315190222082049
1394688628387876874
1285735075557117952
633704837
1568686738343600128
799292631872339968
1574890858461151232
176583312
40024664
1566877261080535043
1582836849579540480
372810994
267908492
1563227335003815938
17009828
721298749448974336
1419281340286054402
1566653691414908928
48713892
1379716258308980737
1581654783575957504
1708161720
1307211557961596929
796283098124128256
4039761
1569341104272596995
164311869
817420296143523840
1506055026862608387
835555517724516357
1029644949267140609
949093227189211136
1524331741426593792
291489564
952935285507072000
1285385062108639232
744501799667671040
1494024440312643597
349835367
1570335352283430912
1330873198854868997
862477190
1212776297320968192
1568504651598774272
404399339
388602515
1430703819529334787
55121922
1446730200323018755
864156001485959173
910013075805298688
16052678
1566416789931802631
1270818232132403205
2701682244
1586731777439277058
926383621862170624
1293180181910130689
2680787732
1565977070353522688
1435775933198311431
903633602
1534031202302271488
1430785542413635586
1292272137231687680
1242000970961354752
3317164329
1241426987635310592
1566885978731593735
1285646749160226816
1017079901092864000
1565166512700268544
19910643
2241660894
850337633142263813
1568468766874550273
1374103576621035520
1560537253868453888
3309841842
1548644216485646337
1570697946777141249
1156516046481895424
1296850736567816192
1570426966766919683
827252593
1559467743392702465
1549447762646794240
954785922729594885
1218688144289271809
279092252
1526058200600088578
145933180
724459332
867894380916387840
1445302618201509890
1041703744323301400
18733293
3245423181
985646263889784834
1107642712067620864
1398436658383556609
1511360892885164035
2505929450
910052468905566210
1503330957897580551
22728585
382228835
1568420766449819650
1583437407080300544
1549841515899342849
1334532908376186880
225803473
1189615673518899200
1471427623628992517
60339361
1567245867505131521
1448514654414655496
1570248241660436485
984368099460870145
50869064
1453107700737269764
910252362190569472
1330094486840631298
28103832
1430943036146651141
710539733546434560
1404580746438709249
1544135812631384064
2873671529
1521856115776139264
951155684036562944
24911207
569095199
154608236
2640362184
2215570508
226972326
1479915333016244232
139340742
122319646
849641516511490048
1454827829691101186
245345254
2324992035
136617094
19448989
1567709591156441088
494933511
776348378
1344996656316616704
559623458
240970460
1539705406749954049
941077491682365440
160606952
1455405704496308231
1277845239340896256
728671056731328512
1478804013164503042
894120757390913536
140585292
1586745003648471045
1567301543682084867
52098803
1466269325657092096
42896836
1155613576712937472
1511972119584067587
288548798
1454942984533860363
1903262960
1566353819142864897
1474697041129492490
34272509
1019452845656104961
1585418085120475147
723983281
1267286882037178369
166103095
15663023
252985252
1398573648278065153
1393521034607828993
1258772473023287297
271709449
23961836
1023819680
4858977171
746061169849339905
1053262196359262208
1411384272741670914
1576086510839136256
888730951244820480
1573459172162605057
2983399894
1557406766576582656
835062944773853184
953219104575455232
895853789487419398
488437758
2557008566
266879070
202590356
1568919787274924032
1412794192405975043
18460854
1525082880472383488
319859086
1520172630741065728
1498333564777156610
1585150130130653189
1481058803781357569
1379745986579329028
1473345889964023816
4054927997
92937138
1272830071686918144
1312556228149538816
1031152501
199525615
1442301398499033089
2468183888
1201709413
1308373839651299328
58914989
1466731541997015040
1505441006128230400
2925961667
1368121019345559552
1491681456808239106
785077688117686272
710609221008564226
215873198
1571581316969418753
103089758
1440465472915341315
60023609
3407800173
868334806966218752
1518689966586482689
540041128
2507592931
1281352064
1568243871267844096
1042488585193238528
871751338228625408
1547035569385086980
117275018
927672894859153408
1581587113388441601
10352622
1298627496800210944
1368704678129790977
1565717780757991428
361707256
1416856385418145793
846227000884785154
1890877170
1380898521751166981
799637025037160448
771986403920084992
959103301181730817
614512551
2407706773
1407387925
930798659335278592
1162487769719070720
827533566460514305
1354259749995302913
273261354
1462956563820204036
776944661453795328
1346034370079932417
1560461138386907136
950353922597801984
1451099032164651009
19014574
1507144313515524101
1206993922066669568
398442479
719666283336318976
922409503496331265
1559199974499487746
261621477
539780680
1569286655248408577
380844632
2594604654
703725495943348226
1025146240353349637
1508681962000908288
380217164
1302234433118859266
1578958681294524417
910101300611760128
1576258864965505025
1560263299639705603
145121396
1557292533188796417
720181994
558033985
1387909352900546562
735884364244869120
1265834603077500929
909161575742713856
1559212033278676995
864148521397649409
1582805628329857033
3709242253
772307946
113229899
452951425
52826628
56738640
190591191
1353792164447322112
764036936075997185
1488874505418199054
1568128072213217280
1533565827529822208
31981508
21790120
1557671877774041088
86142924
14865762
1268376391596285955
1131632627499200512
1463817214818148355
323176407
921222908881420288
206892743
32540650
1308444328511983617
1412063590874505218
1058712627793330183
180293207
719626566586744833
1569232219733999616
709409008
1563220331829301252
1492178551847665664
1584947816295813121
1569325341482618880
1445107541336264708
797783092899577857
1296468026850762752
958725336
1647062442
25520985
1467198023814070277
1525066908533407745
1489319202905227266
1564305195563188224
1553953290299351040
226166988
224693143
1536003771804790784
1870831525
177174839
1347249225386496000
16060248
774205370088718336
1479622991155662855
2580839393
1135159957362544640
890614307716829184
1548907117436112896
1345584062380052480
955864904262733829
1466743000739246080
390568893
87006193
14508177
1398654597598638080
1531666679943483392
865421763009630209
1006628255409926144
1292297659542310917
592368757
1536299414633037824
1494409170921181191
421694328
744747942389522432
59910220
975743610053365766
1149468307
1465880802
1573582633694597121
2153348802
1579052141217357825
1406123555171966980
912548039725854720
1543200861483962369
1284232993209348096
1437866855796932608
902615184421904385
1035448591148412929
1546719924365803521
1237453230
4306065923
1550921302743154691
1145903731
779540623766335488
334056230
1183619350520987648
1370418925939331074
426987756
217687326
701877918125916161
2616161642
1497457419420459016
1435722395315163136
4038467833
1553062631942287360
361451801
1569715492356784129
1199277656442847233
57630543
241952485
1579093569272414208
979407030363439104
19283726
3018435070
1155860169106108419
915536056853913600
1560289061973139457
20796342
2560239027
18227567
1439399069399588867
1281019849800638466
1579268474
1336417393648799745
28375773
103623951
735035376
966361658091364353
1575831771207585794
1564272732556201984
1459282025433776130
1366276079464435712
1338475645827952640
1576896439543906305
1575987322004377601
42451091
1565292765721858048
1538239507379666950
1422088257714724865
1357960865002184704
294020113
1026327924138422272
1267891367625265154
37778253
1485861782833053696
1444011457734234112
1547833895550300160
1568641066294824963
1312784286416736256
1557723398939193345
623981105
1554261953366949888
1569079989689094144
1568422283617931265
14262772
1085740922019766272
2605552169
1571240155188436998
2191287887
1540786116080664576
19248625
432371413
1054877634843365376
1007984557
2362324705
2308823335
1514887845588123655
1587069824395534336
715858837
1533080981506228225
4174252223
22756195
898151239237554178
1564433821033963500
1554075646258827264
1516471896870694916
1128918523466567680
2826233618
1567464810148929538
1563863005871448065
940624778817429504
1025030927422906369
951138065107447808
8210832
2600581610
1561808767859163136
1346822927459745792
926393328580653056
1184932536029462529
1294583886727397379
1567711007388098560
1230529790593159168
1564582445286031362
1512833199684132866
134316472
1543793095455686657
1297153570505031681
839535961704960001
1559597552156164098
1553783710092513280
1539398604498124802
1121783935715950592
522584031
19390865
1252754643458785280
976055457604399105
1573321459841536002
863223164645629953
1585962471491239936
1001490017917784064
1540419732527931392
1456714124780474369
1260599266277355520
1564879072089497604
989152386416627713
1568149273908490240
119285863
123307178
1466098876268564487
1262820352096382977
3332679207
916070826738405378
2239424047
435111357
33626191
1437797503953424385
1435439384
1496263107173310468
2766211555
1429257463790923780
1415770655191142402
1304397059340906496
102737497
1080470562353397761
1582127478918860800
1439641537068085253
872401591222943745
2319435246
1422737728370663424
1367344291568381952
18318321
4386175067
1523199971394465793
1140638279240429568
59728830
1158070848722493442
1526579368369217536
1544988593705390080
94312807
1564149045404512257
2829839738
1567449485944422400
981591806247882752
1366039251532599301
517753444
4820857552
1220764996935663621
4241031461
1162252673908744193
1056296653596979202
1311346397074120705
1569355182890434560
2814334612
1562291573903478786
1097280751081533440
1513980001699655680
1266999829596495872
1315072424568860672
1019681243171115008
4909405753
1408348796451385352
4175049672
2383949682
1564655146411479043
3779320152
1565712693176446977
1570080181234331648
1533213088727457792
1229489037091758083
533438607
1430405638471831553
1558755412559675392
1562504017959600128
187880242
432819942
1492207752529149955
2585205224
77726288
1579864750997098496
1525915963631312896
1565971973418663936
1554141130710728705
1585549788560461827
843962521245630465
1574317688805068800
1555144192204095491
1569105256201453568
75217995
2307516464
703718845
24248236
1576629783663849472
1120456216298258439
1424394318609981449
1499785729018597377
390531668
159170289
145673011
1370149223119872001
2471892283
1546925044068077570
1568148091118972928
25933353
1565520606782803970
107938429
1569427236909875201
1024741717
1573780715606515714
1013019761805012992
1852493924
1570356133868761097
1546177632085082113
1361163084891627521
370467960
1320883757994414082
1498387807135535106
1583701850431578113
1377126666
1253727029897367562
3095590329
1280067629999407104
1576556861385572353
592420953
1180752159899414528
1572581492173443073
17334203
859063550882525185
33923443
255212891
868059306201153536
26725539
1471761442584113153
1565904348168593409
193750206
1540637137371951108
1362393517943894022
1535862423684812800
60319420
3308174530
1921329630
1525980275515219970
704238065561120768
250189036
1548941633357582338
1558152606786240512
1563610747
1488908191949737988
1068925764622372864
1774081
1310706976112996365
1336765899475390467
1004031510255751169
1584210719746170880
297216993
803392700737126400
1388716270342840322
91176799
1883712218
142451569
189218021
1564619666672197632
1542102727630651392
4076951675
1502863145475448836
3425743072
786271952184877056
1580206256085782528
1536377255609438208
2449274497
913395075085893632
17992636
1547200771019575296
1224833376965652480
1337079946720645000
732234071389184000
1541271390749429764
1569060223138119680
15999249
33448738
928759653336481798
1583512290711805952
1249991406308995073
737976580115431424
1158862152
3526830797
263744909
1585887272888635393
2913086277
1576220734610968577
1498941976473128960
1567191081288187906
140441524
14850922
1565363873250775042
1555443650112491520
1573144534715961344
1570096985683759105
18244851
1577785970606444545
1570431693374517249
971177605
1328226976528695297
1370738719997722630
920007484743434240
18732231
1357091249937911810
1569070465607520257
1267032186336804864
1391258126695890950
1421261266996408320
759664831536373760
1519244769876094976
1571954125536894976
1364053667687653377
1565635198171111426
16459994
2260360021
1566085647890202625
878342363650957312
1563957307272216576
1565622799422693377
1285637239343583233
936893348408852480
1317536778442526720
1158811152958263297
1181818909265219585
1557639584850247680
917727436116234240
31158318
10310812
1348617245778464768
1551514349667160064
2767265854
1569493248351272963
1567173679397703685
1261998421235445761
17919750
1570489288487231488
1526496051187834880
907208016721797120
1345562108432322565
1242122537586262018
1446111900610097164
2476384314
1321319260249972736
1511839182926360585
1399440312502738949
1557778386449211392
1370636992766173186
102937265
946752049131143169
1524695982897729536
1106610869364887553
353814107
996341786
232833137
1569595970136186880
837725813034319872
204866440
199681970
3387756083
1571590497491116034
1164775680
1534998016557338624
2224325029
14189482
1180675335316217856
28367986
1569791932163059713
1531401028343500800
1152995068376223744
1273712235710472192
1270593327864459265
46044618
1521912168488259584
1041482401937911809
2578595218
1570069259593650176
1571553313425956864
1567700876239806466
947870236308537344
956868142818459648
1342500902578450432
1558145668736319488
1876151
973863191037071360
1077781266
1024924134898167808
1495444605185126406
585431118
510484741
889183772
16530744
1282683941091246082
1567175369219870720
784875851015974913
1561999243304484864
928678828561567744
1520253922773901312
1515784309977849859
1567123806652702722
1497476310188576771
3395637394
826017272732975104
1569684863472783361
820994429527924736
61425708
1562918148466409479
1566556323910664192
920918454940692480
1440602461849354248
902957976083935243
1248091788
1563597088658583559
4786291421
1710851520
330433147
2884448855
1503973972534185984
1565947412598108160
492890318
969106488445698048
832612169606950912
1386659003158073348
56756595
720229813336715267
116642884
1568413158590783490
1326834183126183936
3101426787
1514498171468189700
1526064647929044994
199176171
1135671696319549440
1582038290634514435
794123054116904960
2823694738
24845711
243063334
1569786638699577345
1057373086276820992
2273952372
1159756679707316224
1249601030502756353
1568872007613251586
189338039
1541411190978809856
1305901842061234178
1553402119356555264
1128253067437268999
1586084223932407816
1483640821836615680
135455900
1119530441822932993
1569227901693997057
2565895727
3413565910
961861738084712448
1570044469675757568
1357360081185214471
1480612988721807361
1548138197963534339
1439098068209741825
1566230961850929153
1573899936785375232
4915420728
1158427849478377473
1580140137723400192
1450609819870580737
763778874312241152
279377987
168424672
1501450452071858177
1559180098380697602
1568202260382883843
1033913344447705088
1568937760236474370
501583124
867066611861245952
1546259391292358661
413722885
741772821592838146
21249113
1549834058967941121
1523280333185200130
625376698
1524775001181798401
1577608123296227329
2333497668
1448317347840860170
1567063343353176067
1569415652816871428
907033287436238849
1517502155565023234
1341311060016558080
852223364865433606
226121476
1573420993510531081
1359550765828775943
23076120
1586055259839168512
973956070661115905
1300193269536743426
1557415230820474882
582085667
1355487119452426244
2382690199
925443485318238209
1444520653172838407
1534692428715675648
1465468628946542593
64335314
1507618916264075266
1541653905741955074
1516333404362584066
1548910663363612673
1572924527197274115
1567076417048805379
147631354
1478908209092046849
10105882
1283151547875065857
937565198
1532417418487898113
53390560
1260249307929772034
1199607319719333888
1096698550191308801
1547698107550314499
24531527
2911139495
1273285794833281024
1520409590101381120
1567183107995877376
43701692
911916714438176768
1334748062607138817
613074939
3827721809
21143954
1494212919592054786
905811498836140032
2647680310
768156320
468662778
864139574800523265
1244154856048218112
16137442
1321635044448825344
920280615836102656
756696012
1048438412812980224
1576853438
1424626742543667204
2744958188
29111152
1564307163853766656
1273863630883151872
541049334
793989700184850432
1446510175003762689
1568631059536822272
4568072964
102926149
1587724282121146368
945958921
968595530
1504511443420463113
1568549939550076928
1549774597490450435
573544130
1453788520410230792
2934281964
1485978087519301633
1272130620055928838
225304680
1129488328288555014
98290078
1241449052538986496
1567943482609733632
1578890474425049088
238233817
1232787923445178369
1174512024774049792
135945569
1222186488789635073
14343841
1487456000902930444
1359876841822171137
1541269475542155264
931841007766900737
1548371488645861376
14973225
1546050429817163778
1349424692017303552
3026327503
1578769480154550272
1576234195801735173
27560798
1297819512654397440
324677655
1564992047999762433
1374747108868231177
1554001769155420160
1376950221876432899
1098076970582245377
1525652954207858688
940507826056609793
1500650025143386112
1560018318052007939
1565041514728013824
1343834003594330112
97261425
30042991
286323472
1244867278123888641
199675149
1533311728896856064
1567080041158418432
1566814564594974720
2162910162
596138831
438960711
265490345
1555695700213727237
16984814
999229634385469440
1307518312851464192
1567236564358692864
4781944489
344920654
1140420305527222272
1471302599378939907
1568002269676724225
3294052539
373883201
966714713995468800
21375764
759818307545473024
1563109488106020866
360009700
3025096872
905089209446346752
1871786930
443299929
1211886929077104641
28508012
1548472668143333377
1378708158235910146
1491521678547070981
1411153219615694849
4712462264
1558955515895496706
460670182
22730282
2576339790
1423268802318553092
1469177430527156226
737062063617478656
1585162453125664768
1499716663373365250
95242209
37374446
1568018349665157120
1529103595374882816
1583150158623014914
1567461664118669312
1066427630763687936
1423096806129520644
1463292138716762112
1212438049809817601
981272349235441665
1448581463973273610
16922796
1119232578798669825
833135569
93552328
1229768331391111169
349442529
922109833637126147
390891287
55130227
1567937268614328320
1564105208854188033
1417119771250675712
1549583370786447400
2850397262
293456189
71026132
3077472870
1492323467118919681
801046214913314816
4725693432
946156556579680257
1365285985664163841
60982789
57624034
1566077056642961413
1431168919730065408
28714650
1371185179167887360
68801662
1029976307956760576
1302967383582097411
904486626767843328
897270072200368128
2892065765
1423774825332449280
1548684241743101953
1562354422897725441
1569534016977784832
1578900749605634049
1581785045290950662
864150537993953280
1190572190002896896
2364353350
770042946540412929
413562208
1578106520931373056
55929734
18602159
1518945737119133696
789770983280349184
3948479483
1553880305232072704
3019656491
1563229656668442625
1482346506573201408
1547850247023370243
818661985508347905
353469009
759045192791969792
251147079
2272662674
1436794070043488257
1568566585543069696
1247808442535833600
1585840291751366656
1460613985863192587
1367063148054863879
289056069
744649711735480320
1494716395162066949
1531446199319928832
1036672536589860864
1442465358644871169
1539206758786560000
1563125671898914816
982689796979085313
535245047
1482195145252556803
4156958116
418923074
38226278
1172463586628837376
848859569904373760
15827269
802681024572309504
932604790345027584
834899807760154624
4899829294
710558948
1337392811574870018
1588654089243693058
1505376382741737474
1567711769321213954
1229416049071808514
1204260320
1392775333724708864
1547992569933873153
792904639469514752
1567426147914481665
970641646323892224
958389512
1501603132614189057
1577341366639656961
181887370
1417364585066151936
3853227795
3273151746
830980785821859840
1290539083857457153
176192314
4547930962
775393147216138240
14212297
1580308494938505224
927791423633723392
945265697260785664
3087718878
1567971506290032640
2564233718
711208659313774592
1634007674
774251365359087616
1010077626491457537
1587737723292491777
282091159
1548350760038977536
78650164
740193009359147008
1236698112
595969691
2992765545
1558403681514577926
1346193140605136896
1556610892065918976
225322257
1322799649636282369
927552341284392960
1560552939961344001
1366335926205440007
1039173418204192768
1577835031296253952
1584511872455385090
1577719428271280144
19454640
914831018862968834
1581329708855066624
1204243134391021568
2572758283
1568649948841005058
1557475515233173509
1557361003767152641
305136994
1561802124266291201
94013507
30045755
3404521043
1580802699771097088
905132382218420226
75564178
1239215529182838784
37660713
1574593884851965952
704754060469993476
1565684128095371264
1565085112307441665
1220991176305790976
73464646
1567445653998997507
954614844
1557667699529961472
1548645533581201408
1574526557544144897
1567872528814678023
434628653
1571686948925804544
1542940980323778561
1470656554995118083
58913750
1567092017842515968
1518927989970456578
1581759557210103808
90831405
1470028621012213765
1419063931688169485
1167640167890313216
1222227306296610817
939770768677748736
1028629433131978752
2931907197
1539765429689778178
3249930007
1402578770083655682
1567707036778991618
134957026
1354237374385934337
708430598
1563178476730953734
1163382870
1479366952652980224
437033944
1566788288203063296
1419706081090154500
15362373
1557597731119452160
2365501933
1178104002191511558
1020314529065029632
1508453451197526020
2195897593
795716995
553144955
465075541
1530838275459534849
990367734071484416
1060603948296531968
1557530225059463168
1331572036662071297
1565165653870329856
1249789871155064834
730656136689520640
891969795792527362
1167856862282358785
55230288
789155915786231808
1570297981303418880
1580405314876313602
1112065505035202561
86402674
21800422
2784612075
170060932
1246565847780462593
183797133
1073584597269499904
1320322229620641792
1363304602636980225
1566095553238294529
1545073477459271681
2854462529
1586774642257174528
1560430953922805760
194681565
831458636
1586764965087772673
1558973622877929479
902652890585686020
835204405351890946
728875645787201536
1230494712211148800
463965580
1547533733359763456
1375895646268444683
1408026292801441803
1453007635834363906
1444200787
1567416158214672384
927464682306310144
720700357
2842617826
1570169683013156865
1566478678422347785
93863660
3084131092
1562482349610188801
1324163018926755841
144395177
1478018662326050817
857850801305382912
1564669396588834816
1327516705116008448
1256332146882441218
1502638093882560517
1222192436736380928
217299184
925387380504264704
1458064951382269953
901130643891003393
1576263586338508802
1488890136498778114
1022108994
344901939
21999229
1559477644030361600
1457142062609051650
3326475658
1558001952109494272
1399762118606479360
17495376
1569989074290900996
1569000442180567041
2363630774
27496489
2413255358
4882142357
1235437011235934209
1566444291433852930
1574716350018338816
1504881110953644034
1576701745530654720
1200245012598001670
1129642528922263553
1468350881003413509
3172182806
773473492826202113
1565886585715183621
1417513381469302785
1566444029729902592
1411105530
1357799222775578628
807443160507052032
1017837933708001280
1557370584195125249
1034612949963485184
733783145460445185
1467814697902788611
227423290
1359525734
137413599
1380286262322421760
819517011579518976
1342619851622404097
1579726977635950594
124799637
241090420
1550956743999586304
1572537370083205121
1586027956840927232
1494321722656542726
1537627022536548354
28286043
1574052356270047232
40339143
1559638161705373702
1351059580860723208
1515252207129882626
1295518206816399360
1466525677654577152
1492158198383783939
1262827429426577408
1519735692603047939
1387734666434777091
19213513
1580665653605806080
1192431013386784768
100371370
4037226132
1582587907264552960
1022835811455303681
1400329293222137868
278994408
1566853634293665792
1547072167166312450
2403510436
223759560
1563148866253254657
1449745727022718980
1501129692589756416
14083418
1565225694036013056
1530609778786975746
515702670
128431011
288980633
1536101939129241601
1559927150173634562
610242566
581010207
1301861321714081792
1001073383658999810
1567965138375921664
40226225
2625710424
1555662941449494531
2339473286
1513864766418210822
2190888270
500603679
908010499316514816
1569604417707732993
895957575958757376
28626931
1456917366953086976
1674327631
1578762095595700224
2611978512
4736634857
1574644349459374080
1102808531869163521
1375060418566230018
3265503763
1482700988989550596
868218060460752897
1516106886814310404
888672309954916352
1491129437936574470
1464847548535955460
1585403031578869763
1138145538518523904
1586435716124479488
1309607245202690048
1453951124
1481044688773730305
121568341
917145672419303426
2309346411
1366244615884578818
1248212429433196551
1518648507061747718
215679947
3369028696
541859441
1550145941444956163
84253390
1260536408
1018198975067967488
1565481980996849669
1557104000004235266
1585394896562782222
722802844475101184
1577633555244523520
896068663765196801
1537589451991416833
1214527095642185728
1039088181419761666
1575108656223424513
1468964760561467394
1352648772216610821
4795843200
1253005766
1555336333710839810
153140668
1558109840056131584
1568636271701934082
1580414684670447617
1587153992035045377
1374459257127510016
1569227380035846149
21132950
784317920104951808
1563380786048299009
3228663286
1137533660
29289245
1519719466069807108
1043599636894822406
1565382254922186754
245564844
1460762927645007876
1567614878600282113
29720349
1557219755341266944
1567044292954275840
727243249300180993
1581272138694246401
1504058133899010049
1559254802575622146
1564306478193905664
379136707
2472856395
1262394029217648643
733182751
190681974
1359431661226754050
827198278882181120
24880969
1536317291469611011
907947099148439552
1209735737005891584
999155896876871680
13497032
1566143518208401409
1562740355099140097
1470464552903090179
1541852126799872001
512492072
1534275820981723142
1297908080827461635
1567843598334566401
31084279
1268261397512609792
1569721951572365315
817009322
466676550
756857700663828480
184244356
895245336
2727586633
1158303831765110784
16660107
823515337652060162
1479275479790239745
3124242650
1512233552355766288
158094045
1438204904900898816
1445322082980597763
1324258161717661698
1580667697834213376
476917648
708131038396940288
39854088
1519341748123848706
1565482640408453121
1288139132833857536
267111614
60246205
176666397
106703933
2169624524
746230209356013572
17141812
47800280
1481883146820124673
1536042897220714496
1040724998195998726
3144836226
1580395221300420608
1419858364524281858
21361695
160722350
23335196
1573645391223988225
134099103
3439328284
1563978576965279745
1574093240281825282
1269242563426476032
2884036811
946726951300898816
944930509104336896
1492618351880941576
823094731
1564975035034451970
1250331861022195717
2590168100
1045083298471456768
595512382
1403447105641926659
1566820504434102272
1478032797252173829
1026756649577603073
2444722789
1508121691767152642
1568551957131821056
1577322277531680771
330878556
1568232976579809284
288235787
1580291954314723328
1569705975191568385
909673713246916608
169302069
1542079378179375104
279299399
16464516
17011400
1101406411819384832
1503309466724442114
1351260699230666762
1576250012333391874
703429021091164160
1467073611554967552
365589006
1566220701190819841
611419536
2624898472
2859962437
1523984104433360896
1549861297981997056
201281340
65965204
475164126
1561975274769682433
238664466
107234308
1557083599312195594
723862275988295680
24681496
959743451431489537
1584979674228301825
1575917238468722709
1407752078043254786
1521438659551055872
524788755
188694605
889473266485735425
828289720954167296
268723658
1520868050
1336462726562861056
182497219
1547643730793885697
1477216406504620039
1260458383
868032044084994050
1426959165772111875
839453610119421954
1359206241080209409
80209366
1547699813260529666
1557335586158960641
2889338948
1249788032305201152
1471101453754327042
1062046718420795393
208930420
1452790166813171713
1561874333730869248
1307282944151580672
2709560544
2793295682
1569178869881794562
1871545998
1573304378190086144
1552790074089144320
1569380884465291265
18469800
1333734584350019584
1557733764889182211
1568280561088663554
932970078727008258
1492369305119641600
841579388688879616
1568611426062991361
1532245859613790209
160093155
1061335989254283265
1694159731
1055431240902459392
729590562374877185
1410068079279632385
4899484217
1354805270
21766367
2684969956
1031902957061726208
1334441516178284544
49743099
1553416143909568512
1433385494763786240
1576654200905371651
1449432403156557829
1582249167270952960
61733743
895355343076605952
38794116
1316380255670677505
918759772232368128
1349435930
276158785
1568238019471376384
1562422259628662786
962140441847193600
1561774869775355907
1270825661054271489
117806828
1066819826646216707
1337927681455874049
1035572465228029953
2789893968
1127445004333404160
861054842067931137
900369386715979776
1583842803137798151
835796102469332992
133873593
1358102778086850561
1361728923332083714
400042307
2487913183
1587759890612772864
1586432463240585216
1558199542637400065
1105495903572381696
1559147637231738885
11862562
1569632345178931201
1547444822776094720
1584648826446659603
1558377777530916864
1586796657642979331
474760624
34582411
1573573923450638338
874371709
1239203366149881858
2676333445
1481321252174573569
505456862
1542796735143108608
1577123359556526081
1568269136584921088
1568472387666194433
1498305210929881096
44487237
1397320813590704129
1439257573857845248
3372047591
1491239272581582855
848938872805486593
3905821704
1559492863746007040
1445377133547765763
1490630782276173825
1087363266492461059
1406917106650664963
1182608860034584576
67892377
1262339666327601153
1563100639244468225
1583954763959377920
1431369891114856452
1569305761922318342
830103404512899073
1576980326076878850
6070552
1348243794899079170
1242526197923397639
36313912
1428405182312890369
1261714182501613568
810055220
1205755362822901760
15744769
1503348614734700544
1474040489628344330
1425769467800391680
1347896897239875587
1416588764349177866
1560069276672950272
1584619679200468992
1567901074354311174
1563429821899649025
17347233
2865008582
2282814384
1560937025968214017
1589008676
1552491097460547584
844570798681735168
706910608663453698
1190120717473370112
895486228744810496
67610078
1147010337998290944
998732408345198592
1425682147684151298
1223277538119704577
1565782906676678659
3346467983
1280941988049797120
1256790709073358849
1214277067262451712
1568894673430745091
1570209733629579264
891221473351872513
15669038
1499041761640996870
50022421
82421051
1400241318861885444
2615387688
1583027680064073728
1582867435769810946
3073845039
2387354648
1563322440541151235
1230187569369042944
1067489250
485553081
16436991
2524899074
39608407
1400032583094718465
4097293096
777538710942326784
7576012
1570327501116952577
1575750205445902336
1553400983379664897
1560999284367032320
735388034833780736
1569708036117397505
916186832924225536
1567945811832770561
1273934215294435329
1039523772058017792
301470051
1582537076
928193930474278912
1519744711334166528
3291867047
1513165024440864772
954862474238595074
16355251
878251108832919552
1140266398758756352
3226353191
3228101077
316853582
856040823661527040
1392922353345122308
1362802015580139522
1565364218697760770
711961474596540416
2265770257
2773210848
1501954364696514567
3553945514
1518309682795978752
1027938435154227200
1547990971299729409
1498786241701056512
327319890
1457586085312098309
1571493147674550272
1268914716652511234
796498859287527424
2585412492
1530233707294248960
1480676719967223808
70707313
1503169950596448263
944459744479207424
991158840946249728
1366051766278774785
247893676
1540390884386037760
1566203928932384771
1448581986516406272
32789366
2357176112
149451070
1401829779494502402
2875638792
1430831696165830669
1298676676939874306
100150460
237680252
1482428834607767559
15383652
883311248351350784
1568754280479469568
2292415658
1305920673559318528
1497817380994666501
1547086882420432896
1500985553583439878
1178731948497395713
334053312
1574863697008271361
1578477333077495808
1504411041358401536
1274234569445609472
1516181900569718786
1558458640302018561
1173691421951324161
589965158
307615657
2375498185
708856630176157697
1339539775292903427
1293254749651787776
1516075779863552006
2199749153
1038607955422334976
70357496
1953307254
1570100868304834562
2748981088
1563910948313759744
1511371642869620744
750010358958530560
1224748988546592769
1566513171749380098
950275157653884929
1522576694212710406
1565261078107414528
194183620
997389830995693570
905566864591523840
2342898960
2288913720
8020002
1476720074119688193
1558124066774679553
1376967684353572868
55243424
1028494444448894976
1574073705772199936
1547615462229389315
1564313349675958272
1557186515377483777
1061938189861044224
858178409679142912
93458563
387698292
628574500
1265363651004956673
9919192
1384922922423185417
600742470
1490564231259095040
707810002648637440
916737942994997253
3142412482
1494322932545253379
338035516
1532127395632783360
1516916149145026564
1558377863480352768
1415836458905219074
335264165
1559198428554575874
1568653449738289153
3180480277
2259877358
37462804
1567392601979879427
1569816305565319168
1419025495660929025
7422072
1466002765658918912
4877057643
747670118
1558519841014915072
156666863
27210124
1378300859390455813
18467759
1565669390367981568
712178022191800320
1558627829289451520
1257778315
1551770766986956802
1255449299242147843
3460171936
1563584794591604737
773868908453457920
1574764941998948353
1553396018074484736
1560290331744256000
1588256953758896129
156830317
1459114323830362117
406297635
1496754197756272641
395179475
918513095475154949
17785796
1417733333765689345
1580496986284990466
1373676235168026629
277560336
3263253388
1490407382366789637
74804254
4840466957
1386990790321139716
1380043688592732161
3351931979
1566780950612172802
1544694334938759168
1566628427213557760
1540479706587451395
627064478
1559472487556993024
1564150604309868544
2334094880
1565366554849574912
3410353463
3320508500
26110359
744436226
1563671310370488324
80595443
1482055690575355905
1567144111228198914
332346249
1568174903383437320
397388715
30615950
1568112221414096899
1544359495660613632
1582805585522827264
20792739
17788196
1180179405957672960
1487960999940718593
1482056797292830725
20781546
828631190227779584
11350
1580800954902794240
892338828014477313
1355138236742574084
297703675
1558711398032703489
1151572920994553856
767227052319801344
1488450062858715137
814111707819753474
912736285948878849
1567933916597608452
220061448
172298168
1554762988997017601
1292395215559356417
1570467367834058753
1572028193720221700
1080949350308737025
997443329276174336
785167355852754944
37673329
1460837024911482880
1498823087017668608
1587075521959059458
460830455
1393556957827674112
1538630232491667460
1147497835
1126075528748961792
16628790
847678093724598272
1569696474329665538
1557687814329929729
1557691743306399746
1135541281571164160
1569956521240313856
950680209476419584
1531561344603983873
4812765808
1127304837484482561
1568747789647056898
20324329
1075169160299073536
1582924068604764160
45468359
1428414034580234249
22869238
1221882519903252480
1369759714427478019
1506826628084731904
16476911
930135340962189312
1521958727485575169
1171136288755507200
1521218955297366021
2790996109
1565330561417129984
1527580549543604224
1428180950257651715
1044950294948442112
1563319720878624774
799942679933153280
3305632455
1504121948305072140
2340726446
935859944439529472
1247456079006650374
1442546351586234368
1567991812178038785
559411038
781454741012377600
1568148215849168897
1342798932242550784
1569175686811906049
355132989
1539765487193804801
1058423592
1563045551738081280
85365211
1567316013754253315
25513487
866412864415903746
1575522143336599553
1488998527330136074
1563503897138036737
1536507870795091969
1600844454
9405042
3413442681
737798022692622336
351538393
1430291215954612227
1565583000946999297
1581460655168782337
7480172
1399303647612256256
1029658865351254017
1566658669395456000
1129379379363102721
1087602359797075968
1511897359974019074
429979016
1512851535969112069
29976400
256732371
2458139245
535777291
6399642
1496183612483735552
812572823151583232
1558546760162754561
1462711500695552002
849320650934235140
1235996183841116161
1565804986021330950
1083303044
1552938119711715328
1552136053141966848
1568205310916968450
1350859525285322752
1586087293735079936
178125646
1581395565912416257
13796932
868215889845514240
920493725536661504
2625768529
1546462911152930817
1450853171195174918
235333534
886481234028834816
1456267667162087430
1372942069170323457
912585670941478912
1237761327797547009
15867069
1566361466935988224
1563599248046059522
1563571220188057600
915982988210565120
1568834074034184192
994463876165943300
1289347946861998081
725301534045691905
1571191638583558146
1570962729925595136
1474215292804866052
1187096561966288896
25022918
792841966811742208
1587913941824557056
1577017586948009987
3253523755
1567928892974833670
1531985842318737412
17230941
1570399659507748864
16219502
1465030585274011657
1536804310813655044
4221133738
1545516959361556485
1568021632177897472
1408704569316573190
6446772
981111944009732096
32711239
1185184607211311104
981920363264270336
1558940081192329224
1329079261978771459
1433331915721830402
1569207593356369922
145509383
1045392140522717184
1523193103653384192
858716720260931585
997296286679359488
1278327409079578625
708580461467971584
2594497733
1254694889280860161
1522946699160920065
1419386594356727809
63820782
1569582561130856450
836192957569069056
1453758741338329093
1535233216872857600
876726590704676865
83503806
995305627554537477
2187677498
193699142
1038207575861481472
1571155637547008001
19744110
765206378063466497
1567671533568491522
21189980
1460278564771799052
1396669541757997063
1570397064202452992
3240325433
3290485967
1381966628909248521
2811806059
18830990
1545188182047612929
1361961511711870976
1563396129944793088
21991908
1578481371932393472
1573741631345508355
51070415
1350099136570388481
1432590049514860544
789064206033182721
1566187367710474240
69933691
1219505098335735809
722060180456935425
1586208914818768896
19006949
1241887156676833280
550778080
1526248666331217920
44583859
1553414911023353858
1567468854166654976
1120334267417075713
309787589
331885444
718505048339120129
701698322378129408
1155014624
1557535573413605376
777004934
2835517606
1103417387821367296
989226952954433537
2799584330
3118900788
1140718011474685953
980835534
1331644948433788932
2199781934
1544624267874140166
1581356315317780486
722100147266695169
1425089540092481544
1543496848345911296
1544040852447961088
1579821534524440577
1459570106435088386
1560474466576211969
1127946631
1523572336947081218
1191163969689542657
743000965205331969
1565332947757961220
1517159122776772608
1402707830126297088
1563421200873029632
1559235884528066561
1407293914264965124
318143111
1029273003442483201
37298532
16002450
394233334
839645523288145921
3400825125
2504006023
1568546444071534596
1540711078925041664
1544656174372503555
2613788444
3937914677
116348116
419951447
309582925
1379033435843481601
1559268299308814336
77695656
4921834905
1572576147082297345
1563605604525977600
1051004864
1491291054221451267
1397508855379030029
1558156283521417217
708240056264335360
1565283686832115713
1567412617207062531
1540669995826429952
377449187
781760273019305989
1067086620447436801
732194132307890176
891119762847277056
850089463443095552
47123271
1153084989304651776
1569267508150153220
876705938840924161
20404983
287802293
1364523536858112001
926424098921746432
1570033030558883840
1558207871002841094
1365694130
1576158446583484417
1417411990234943494
1469032265799852039
1123843093768417280
1507942415323176960
154444316
104885296
484869218
1558874847081631745
1281312250662457345
865725307587747840
14813648
1313112143802380289
1563388777778663425
1484971201319559168
749633384
1538740675411337217
1510268861572075523
1564373548524658689
1546277521355812864
1074047714067955715
328122832
1324848342485053445
1281840382419099648
3313362360
1530693787797934090
1034437418508804099
1511782394952843264
213982788
1563543347566112769
1157764507
16895713
1576203842219376642
1271885726922289152
1036281338444369920
754455140631916548
898235962789998592
1478241183793127425
1505844275908644872
1568712087152492544
1563244659819786242
797814446005420032
838163807507726336
1467235942368890880
554955390
1577443583095078912
2320539145
1552623931873497088
1161455463877107713
469887316
1584433018584059906
1435071562751696897
1519110546817134592
1378619010569404417
824087
761401426132082688
895081466132123648
800448646126784513
1553031812531847168
491398038
775700420291399681
700921576632389632
1323167623958310912
1117703917
811395681457991680
17806998
1061291547327676416
994100120554700800
1523037191051513858
20763420
1119769167043940352
174946533
285697851
159773313
1178452608794726401
1024894511548264448
839765903575236608
1566774481061912577
1520410825432907776
1585908983457775616
1481108816414531591
1565851759720992769
1573105131666649088
1329559016943595521
7551962
1487353801103527937
970547717444382720
1502892130859069443
29742463
379146779
1291760732208599040
1483753447623208964
1347504034895323142
38409197
855474619330871297
20248624
1233006636110880769
17122257
835477714253594629
1338377095802548225
1463548141106438144
114042373
256101705
1386987656207245314
130482010
324209356
1454628436794806275
1583755339543056384
1556903368341307392
733801892380168192
16808947
789296596622069760
1549290490759192576
1570035961513545729
186135632
1569313789673103363
280473462
26735842
382561882
2815652669
1548090899392974850
19087204
2361707564
391661957
3646835840
702609561107243008
1573700230092099586
1170052968978288640
2317842750
1371335692429692928
745238279285530624
1559580754706833409
483354183
1559791996994146304
984530042255425536
1102776274513285120
1215481144982020096
1565166018326044678
1562057974251667458
1583981067085631488
591906656
203493620
343914216
1565550206829170688
1343755496994570241
1326865920690581504
261015310
4455481185
1041765918
1568368249166856192
905175775946711042
165094284
1318882723780579328
812756031675793408
1568131257367949312
1139125233011568640
1570193407968182275
920867617023414272
2801055295
1578074301802201090
1587810749841379334
1522004773154684929
1578288151289896960
4806377536
1454123380148523015
1489311959220637696
1559802474659135488
1462845915157483526
1282733077903454208
1465379220717244428
829534543
1562710917976309760
1187376920285110276
1536177998247895040
856463174
1585991661900992514
1323717476484632578
52829706
19220550
1573392704867901440
17463660
1580012224218906625
1061242892
1535118931685433354
1507373327127662593
1539002107705053184
1105104052994609153
1566819960613109761
867234457719328773
1440218237317181448
1511050157613371395
1247409659486617601
1537059688923160576
64775965
1355652510485270534
1503755079442403328
1577248539771654144
2814786182
1464359016
1565944703345983490
990287877497065472
210493627
1285950284133478402
1572409630004858880
724713521951453184
24876809
1291217132131426307
608025339
1382260695924936704
967857963217154049
1382440432567738371
1287843842482270209
1543362071483523074
970331000885702658
1569158241334198275
7558752
2886648994
444236507
997090000981315585
1502700688828243968
881120786
118775555
4842800199
230118362
965676065229299719
1551901808204840960
1525997935
1441879851967778819
110229849
1531079503488749570
1565149317156978691
2352400368
1501820785295597572
1484438235787182081
1586823995344797699
18938378
1573968823052472320
1523735790609747968
274618475
1305373143859630081
1549898974429122562
157062614
319290355
1526810683257536512
1559667390576824321
1525666524694028288
1558262482619318273
1566363284764336129
1565636402179620865
461697401
1524672443524141057
14177225
1500816081539190784
39906375
1151936960338046978
72176777
2471257458
29994093
1567785096857649152
1499674520868769792
1494816499743215619
1539148069626908672
1264983352534327297
1444218444275089409
1372270788427005957
1879324694
1546975618268643330
33389181
1369889645899608066
700432941055225856
448002010
984625640073846784
1470581730046214147
20615524
1565758412977217539
809921138449063936
200493824
2934593872
944973313952149505
61272632
17575069
1549284229271396352
838819062583021568
1544021040787034115
1445081885290352644
308723226
1331528906973859840
434427439
931211601893576704
1138498400813535232
1581051560267767810
1030579246840725504
1555566898657591301
245787559
1569406702092443652
1572180022076768256
1576904702981283840
1292909079195787268
1179196187079053313
286249164
1566890670958297088
184020744
1565086297055698946
3011399497
1493166297877725184
69333764
31612773
1355567053390958593
113856228
1565313683554795521
1096378001565118464
1350485804
1549496852373987330
1469239997844766720
558751787
1567209602823110656
1582380741618552832
1586294061970907137
39525118
1221062303103062018
1439500746781863936
170440295
1571564579716481024
41646253
1567416748663521281
1521169129297760256
141379512
1585621129359593472
854301425492410368
1566824298240770048
1505501270064443394
1022425941673357312
3337329435
1375405837
104913360
4169527097
2343729257
2638007624
1503966272346034180
1040079920859246592
961382255271841792
2155563823
3332996789
1558908863444705282
2295234044
44134962
106422352
138591764
1261211894699814913
26802883
88092391
1411518674
189394889
1586742726955073538
1208468923017916416
3146019105
1566199232620630016
838212061687504896
1345341707500437505
971556834
1142527101863628800
1378008511884369922
1220620696037904385
491653257
277551458
36418270
1522663881600126976
1084045094519562242
909781377821708288
788717662088159236
1684322888
118482567
1497133118611939351
1235540952560939010
2425836948
184010593
1555472499185520640
2959515489
1490681597909438464
959164694769565696
17529294
872334529
265457224
787693404595613697
891164966857953281
15458357
410004254
441271748
1562544155766947848
1445290018591887360
241260517
1565675222631682048
1473920302304403462
297316043
15076731
864229380838567942
990250658103083008
1568508592931901442
1249788153285627904
1549702356937605121
2755291435
1548974242900877312
545612139
1248540572832456707
366311745
1568592445138472960
722592726
1565553972450316288
1205010439421120515
1535912178343084032
1166813431015456768
729055386
46564373
3364041959
1276651360247787520
1234539792408252416
1370251752977600515
1570567632343949319
1577236145888497666
1154204150646751233
1585669804534513664
897691279164923904
2541229568
1164094717304295424
1577728158073233408
763505447890456580
869724778839625728
821768608636346369
944852192
606599065
1510006297407729668
4126086268
1480592488062611457
1564523212183986176
96109767
1536351286337077248
1564694486348976135
756473003890896896
1580927746578042880
1465067325934247948
1126998861384437771
242485733
1546542789147725826
4494473233
1409620532362940417
997068853384396802
1639050714
1576898303781965824
1586486817695604736
1568996658108846080
970091379224383488
971299233268715521
24971870
1287433406956081154
1232335731198234632
1586098497769668609
326192792
1575836294844157954
1582326510882623493
921315250766598145
1530421279874236417
1565725407516696576
1588794505993519105
296198728
824076996334469120
1398132916396335104
774238743846907904
701010319582355456
939975389413339136
1295413310821740549
1568568970080395264
873078660
1569455844252872707
2870378563
1160655329409019904
318107228
1382370057737498624
75299247
1211588404082692096
948911125516595200
1319962020599529472
706221733532061696
551274340
898850880044322816
775865518658117632
1175774024695070721
1395969659686457345
1230597207381991439
95764880
3315877454
1521908164781916161
943460576130490368
792671365866278912
991860010014523393
1568980995075985408
3280724983
1579532398802468866
1568890049969770500
995137312521678848
1580039878175510528
914565143031373824
1572922395593162756
66739552
1456419930786746372
1357799832379936770
41271729
1294218901534973952
1557485124345663488
888070226235019264
1478621634579910657
742953268956008448
1571398321725399041
1136054509334126596
1568065267258769409
705911543284703232
63240628
3930803242
2895588061
1510284802125008900
1585523743371120640
1533740477631016960
2683344583
637359277
265884370
425950205
1557110117178523648
910235929285074944
1225730470748598272
21943822
1622774528
1159757386846035968
1134094139098710017
1565503935070277632
1580964889652350978
1299361371130335233
79206277
1082380863558410240
1034293861596758016
1348952414968311808
982668066210267141
28039938
117148967
291691197
1318854747995185152
1319730736413331457
1411995222456913921
1578998759232606209
102777925
427869825
21693090
1559114589941501953
969910458
1566158220598870016
62437547
1318928888660168705
1239424552972587010
1493244329288032263
16205348
1569315622588129281
1183602985776975872
1135061982082736128
1025796728
2790966686
759059723496718336
1833344888
1543238124230381569
1032339176858050560
167491635
1035799753810837504
1586007304079806464
1516464611297415168
801045083432878080
1566984331574542336
3390315449
1567175110691360768
64417056
1586085440032886784
99772159
1457737314659151879
440525164
2898820330
36046909
191755266
875366627726028800
1183139363347038208
1569024824537669634
14238101
999926855896449025
3084910636
1047527715006554113
2454049194
791213351510675456
1581277480228253697
141105435
1147267086428909570
875641
369488990
1125269312
1667887782
15473150
1581646290852536320
1367949954443051009
1177767167221288961
1567298914486784001
1451495945753989124
2889907705
31391670
1565587796114407425
82330382
958202596652699648
66319691
2737578763
701358784871006208
1551996286773170177
1021363886883246086
18775521
3335518996
4500585376
70667155
4326717023
1442203876891914246
44005099
1414976576756850692
1559934929902911490
1397499316839743491
969134368726888449
1501322939354034178
1017722156120190976
1322005068841775104
1471641799533944835
1465271524609429505
1140507578260082688
2492891784
836661301363400704
1275475393546342401
1132318965345054726
1570148315639025664
1556911996154458112
2882804993
3185598715
1126955754219552770
1534079417881874433
302008890
34956093
871370928
1568007859518189569
1566139037001424897
1580113904683851776
2934092230
1443016606813089794
852927259845345280
1129265409754984448
60742508
936198472361005062
872179934
1254403386507698176
953117710979870720
3435904689
3062237784
1142396855252205568
1330105523065282562
1566552544649924611
1549807942974799873
1419224122748452864
870004317499031552
1577529267851755528
2194250233
718556490
1316259116868747264
1482534058097786882
1587469067665145856
2376005791
1576838377944522753
886346911736659968
1516696506002456576
1586682912824594433
156493032
2544569221
1565792196183334915
1495711851887398913
1456175723845234692
1149573607258910720
218359682
1304611662259867648
1571501078415577088
43695448
3288066582
1410171894918119424
1217369197895770112
895067049172520960
1190147844
373457431
14453711
1001742328766369792
1433159989472997380
1280324149286539265
1623251438
1565326396695756802
3235376684
1579033063371284480
30919868
1485995136769466375
1458319796181864450
1066326614215192577
1572536348313063424
17522655
200400802
2172277349
1552401301404848132
1428363143734910976
2873884169
45113300
1434781296157396992
1500471541
2438275574
1342185517547286529
85121187
155298490
1437393873333063681
1507377218888126474
1552142184404713477
1253807966685327360
1367484458933362705
1579121946620477441
1370476339237621760
1519746365378682880
1494744811164909574
1557357548860309505
1036532233983721472
246785103
1572683273410584577
1568261031969046531
66630130
635516480
85136979
1562061505536958468
1519174187369533440
1466286518620680192
1217490663350075392
359316909
1442085578971832320
1423913394139107328
1563538195932856323
1567548206841581578
1573736814040391680
1079674739285811202
1565953943041081344
1547936409096359936
816496739322564609
1569573428398792704
1507093415376273412
1336202655383871489
1559954252
1305527210061725697
1559273044111130640
1306685578327457792
1262250210316570630
1476859675069067266
444522096
1547013385
1565914184788975616
1514264598081417224
1454067579476119553
81240900
1266909889139404801
1124923876306300928
616162199
743859734
336556834
1571878808013406209
625560174
1404984271916371970
952329016928694273
1329271031593390082
1531415262121152512
48980186
325437823
27943005
1566441553954050049
15537184
1569781509556510723
14463318
2214737125
1553772800745377793
962154013616619520
1412486359101681668
1573718455748116484
1173173846763069440
1442774129975996423
1458846079823192091
2243747223
1565547436885659650
1544724936383954946
928715356197277696
1446282806225563651
51541465
1373860545028186115
1434643004640333830
1539607274406252545
1565679647630807042
1582452173052542976
144053271
1542001429786886144
396518706
1565674170268000256
21573819
1509803296374071303
1453684808651984901
1171805409092333568
1553139990
1555636532488376328
1584446867450068994
925075452477222913
1184539395862466560
406640217
1251825118264745984
1370381893800198146
1242741837456080898
1336403280134467585
1509397212991787014
879338994365906945
929741617971580929
2446442558
524734660
1503927394373099522
1378247209385332736
14981838
1569897641861083138
3285664687
1554058126864826369
2737751
966000582308843520
1475767999021867008
1566809479508803592
3760991183
942963521905553408
918920047543930883
1010838778754289664
1523078266395017217
926608421180268544
2405608392
906779701372493830
1564983879924170753
914090343695609856
1459885600266403847
290910249
1569304702973509633
1230885856472289282
1565846405918257153
1062439935150616578
1461020578828021765
436320969
1565054967106379777
1556678028603772928
840783888
1586654490924830720
1581999696851050501
1577018894086193153
1540462055605559297
86760086
1585921228996546561
1182269447962267649
2633958294
1018207235338407936
1351559495613378562
711471969615478784
64276420
1063316643340668928
1362949370467872770
24899874
1050058116941971461
1332134503406514178
480303684
1564727585950547971
1558540292357226501
1489677399419756545
1122423388583223296
1567497878045687809
1561712554111557633
267581218
1551170326192611331
1016827313022033921
21750703
198537410
1531099225731190784
2587432363
1371998478725955586
1572619576004812801
1553180645786099719
1546150903870152706
1513627293612130308
1157228470419595264
1737406526
1267933112
1564739814422872067
1406597415457726466
1548227552237408257
919336086278508544
2762792045
1513630291641835526
2172933186
1570133597318938624
929952260250935296
1552476557016457216
1432908089976496131
1436229125862211584
1485841638622568449
1500479574689435652
1562391058763300867
1018012132527558657
999342487088050177
1569883258417987585
259968780
480649859
1283332396373495808
466013595
1557493549159129088
22569181
1576215711164211200
3030794125
1562169556050796544
1033778279403151360
1487724247695097860
1519141982316150785
1567747110329806848
1546173029193072646
1853636113
1532850482808594433
1377836742967894017
1533790751242743808
1249663747213479939
791065016577425408
1539802663310721025
1567558494026612737
1562601575050121216
60799361
1563536330121875457
2371069783
1318667151092436994
914070627849564161
595391388
3314237256
1074991027335938048
1844470152
1588098470564532224
1563353334622605313
807516639927406592
911705584696745986
1570393214351278081
13521812
1569031151255166976
1582046164651839490
1568149398710001664
238727099
1478453359195660293
1172510969043607553
1230803409588097024
8141612
289827721
3302371383
1118128053950062592
1569410390605582337
1568883863182524417
1018558792169132037
1461100284973760512
205039673
1568699611102986240
1564527707341393920
1284377268874174465
1541051653494808576
1367879808894517257
3230746547
238005124
1008447111191580673
1456032169470607362
3033508922
276494841
4479346474
1945441974
467880392
1228165096607637509
81359784
2573580103
446779944
1567754346238210050
1524688912928677888
146799429
1694772020
2250690396
1563855607433728002
1562742489513336832
1440550325576892427
2915773200
1572942493250879489
3065180248
1374647692769554435
1441571183284011011
1570055291873685504
1466498223401545729
1579999618812747776
81333637
1520581508897316864
300115818
811263875303768064
15143409
1467263459637317632
220454251
1586647355943788544
453503094
1551004119514681346
2912135092
1573255005054062592
4746337932
1483469247687053315
1569597841986981888
1228060186692247571
1354722433874485248
1078128723134685184
2454951750
3342997575
384385608
1552565290738876416
1587201158883442694
75738294
1243949563540582401
1548389054604926979
29216260
251547924
1499277650375942148
1557850259996508161
1569408884451995649
1364463274675212289
839118554519781376
1566890407409188864
303729395
2565135884
2944018335
929410426453999616
1546318939658993664
2659545885
369313329
7773342
2230953741
33126932
2650689531
